# x1, x2, y
-5.149006274293411956e+00 -2.444973573894581165e+01 0.000000000000000000e+00
5.753260148102995464e-01 -2.986397660157311407e+01 0.000000000000000000e+00
-1.884176930984188658e+01 1.539997767910319482e+01 0.000000000000000000e+00
-2.262523221775958859e+01 1.324706905576049998e+01 0.000000000000000000e+00
2.569833993721777787e+01 1.353183277195341994e+01 0.000000000000000000e+00
6.809738451914233437e+00 3.243759835924589652e+01 0.000000000000000000e+00
1.618723440068654895e+01 1.959728853759151690e+01 0.000000000000000000e+00
-3.073745946674684149e+01 8.612360747002595573e+00 0.000000000000000000e+00
1.911735866074882750e+01 1.321767973365701110e+01 0.000000000000000000e+00
-2.472436608494010812e+01 -1.714613836070570940e+01 0.000000000000000000e+00
-2.034560530387701149e+01 1.535548776648642644e+01 0.000000000000000000e+00
2.231234006581230034e+01 1.792006882634887432e+01 0.000000000000000000e+00
-1.418099038446459659e+01 -2.171696734481409763e+01 0.000000000000000000e+00
-1.753238985577123543e+01 -1.340511566594132553e+01 0.000000000000000000e+00
3.045609260589464640e+01 -1.755057582019388462e+01 0.000000000000000000e+00
-1.921474789410638095e+01 1.305035901524567876e+01 0.000000000000000000e+00
1.214137355072096547e+01 3.312880876081067072e+01 0.000000000000000000e+00
1.552106356897451800e+00 -2.321654958734231045e+01 0.000000000000000000e+00
-5.005612944315098289e+00 2.792000095257316161e+01 0.000000000000000000e+00
-1.397072467384155026e+01 -2.765391700464570235e+01 0.000000000000000000e+00
1.972105728256681445e+01 -2.986841575425832573e+01 0.000000000000000000e+00
2.622829120907344702e+01 -2.015409750831491653e+00 0.000000000000000000e+00
-2.496942422921465621e+01 7.317905183070688047e+00 0.000000000000000000e+00
-2.454082315568552985e+01 6.467431444116719774e+00 0.000000000000000000e+00
-2.128176037408093890e+01 2.650551779097198590e+01 0.000000000000000000e+00
-2.255658486662193241e+01 4.303599772931298695e+00 0.000000000000000000e+00
5.734414684707279442e+00 -2.281845177012774073e+01 0.000000000000000000e+00
-7.815465933277025989e-01 -2.686222799840361120e+01 0.000000000000000000e+00
-2.891828193840300187e+01 -2.058614815260789754e+01 0.000000000000000000e+00
1.931576016918237571e+01 -1.195868637846322180e+01 0.000000000000000000e+00
-1.308798375644125933e+01 -2.588488902311864592e+01 0.000000000000000000e+00
3.304716246887613096e+01 1.399801930375848968e+01 0.000000000000000000e+00
-1.569319621461711911e+01 -2.863450320453597442e+01 0.000000000000000000e+00
-2.873198508170444754e+01 1.503263479367154076e+01 0.000000000000000000e+00
-2.724651480193118758e+01 -1.883028510302911940e+01 0.000000000000000000e+00
-1.875266293981988497e+01 1.645420824294628659e+01 0.000000000000000000e+00
-1.483141893080419038e+01 1.886523433475257860e+01 0.000000000000000000e+00
2.242859322938382860e+01 4.648369600006892810e+00 0.000000000000000000e+00
-1.238821797584590101e+01 2.139379454146671478e+01 0.000000000000000000e+00
-1.914029854538575748e+01 2.267344395936349244e+01 0.000000000000000000e+00
-1.135291360744298572e+01 3.243095187592841455e+01 0.000000000000000000e+00
-2.310055907607081238e+01 -1.140146738434954443e+01 0.000000000000000000e+00
1.741038699661313061e+01 -2.120615329239223712e+01 0.000000000000000000e+00
-1.461710128751036564e+01 -2.890510535718885876e+01 0.000000000000000000e+00
-2.494210602988614056e+01 -1.420366473175347011e+01 0.000000000000000000e+00
-2.783460943015430544e+01 4.710274010295486313e+00 0.000000000000000000e+00
-2.417048781505076249e+01 1.652148754842779965e+01 0.000000000000000000e+00
1.733267143562117241e+01 -1.744080251109692981e+01 0.000000000000000000e+00
-1.190012138488440741e+01 2.372814810811466657e+01 0.000000000000000000e+00
2.072583338412844611e+01 8.677084893382886577e+00 0.000000000000000000e+00
1.965280203089764655e+01 1.561137528677898700e+01 0.000000000000000000e+00
2.724859163213750790e+01 -1.329954205636014564e+01 0.000000000000000000e+00
-3.219384041314411693e+00 -2.954018639818740510e+01 0.000000000000000000e+00
1.876989118240533116e+01 -1.522863168174676218e+01 0.000000000000000000e+00
-2.567125702128310749e+01 1.412263833665085322e+01 0.000000000000000000e+00
9.410253768810948216e+00 2.620126142734446262e+01 0.000000000000000000e+00
2.487571088794881291e+01 2.311782590706126328e+01 0.000000000000000000e+00
1.912264664464782626e+01 -1.171026140019800721e+01 0.000000000000000000e+00
-2.455969298174191096e+01 -5.308916577050513119e+00 0.000000000000000000e+00
2.522715380437809074e+01 1.480978946086418091e+01 0.000000000000000000e+00
-2.336575332034100683e+01 1.913733839306151907e+01 0.000000000000000000e+00
2.388083142513939805e+01 3.858604085123410243e+00 0.000000000000000000e+00
-5.818740520777827996e+00 -3.354467776944767365e+01 0.000000000000000000e+00
-1.621801798094783464e+01 2.394225924223484014e+01 0.000000000000000000e+00
-2.525054969281456785e+00 3.235056917446616609e+01 0.000000000000000000e+00
2.467837481597773319e+01 1.718476237438981968e+01 0.000000000000000000e+00
2.477412466472712538e+01 -2.405927907542751853e+01 0.000000000000000000e+00
2.474121217465745559e+01 -1.505493906625979150e+01 0.000000000000000000e+00
-1.211286056959334090e+01 1.844763880569599479e+01 0.000000000000000000e+00
-2.985578111005644786e+01 1.715981873455834261e+01 0.000000000000000000e+00
1.151243994106630808e+01 2.673426454603761471e+01 0.000000000000000000e+00
-1.569651127345119335e+01 -1.648063166895580522e+01 0.000000000000000000e+00
2.135515393580082133e+01 -7.878955083999073850e+00 0.000000000000000000e+00
2.230257390501570569e+01 -1.818781056080781866e+01 0.000000000000000000e+00
2.896141865547666328e+01 7.234680697420180273e+00 0.000000000000000000e+00
-2.974141669003748589e+01 -2.402828478600688378e+00 0.000000000000000000e+00
-1.901282116195575611e+01 1.256177331201320513e+01 0.000000000000000000e+00
2.861285921811603927e+01 5.830780958785118706e+00 0.000000000000000000e+00
-2.663634302186425984e+01 1.619533064277154466e+01 0.000000000000000000e+00
3.055199327682927013e-01 -2.446328119613234975e+01 0.000000000000000000e+00
1.884729405004559055e+01 2.874620604039272109e+01 0.000000000000000000e+00
2.512204087663013752e+01 -2.206337086728900942e+01 0.000000000000000000e+00
-1.349006736044119670e+01 3.013465744882736175e+01 0.000000000000000000e+00
-6.494762009534795766e+00 3.179696661999632212e+01 0.000000000000000000e+00
-8.658578459920214243e+00 2.368140614692302393e+01 0.000000000000000000e+00
-9.986047614935840144e+00 2.820579425656813299e+01 0.000000000000000000e+00
2.474781499264284079e+01 -5.743564085760240800e+00 0.000000000000000000e+00
-1.254211280654412164e+01 -2.259061736567175771e+01 0.000000000000000000e+00
2.868632212648901714e+01 -5.220181608846659493e+00 0.000000000000000000e+00
-3.176656191607596824e+01 9.029886152062944760e+00 0.000000000000000000e+00
-1.727148552335377474e+01 1.953955112632677782e+01 0.000000000000000000e+00
2.110266893348069317e+01 7.931236843692368588e+00 0.000000000000000000e+00
6.981007200072149033e+00 -2.774592355745269501e+01 0.000000000000000000e+00
3.474886356841760460e+01 -6.512219774519685700e+00 0.000000000000000000e+00
1.008924918372345436e+00 -2.806379608603287679e+01 0.000000000000000000e+00
1.449466299987634521e+01 -2.242867447242564793e+01 0.000000000000000000e+00
3.338221073059396105e+01 -1.334406683038833741e+01 0.000000000000000000e+00
-2.975612058614516897e+01 1.713503227264902762e+01 0.000000000000000000e+00
1.441230407583111628e+01 2.905884474342582635e+01 0.000000000000000000e+00
2.718590503736073316e+01 -1.480693889443842792e+01 0.000000000000000000e+00
3.041939535722819343e+01 -4.074943882295205810e+01 1.000000000000000000e+00
5.816090813342741939e+01 -8.246847734367912519e-01 1.000000000000000000e+00
1.243311626137017356e+01 4.454336980371444099e+01 1.000000000000000000e+00
-4.656980057341304047e+01 8.025662212315250343e+00 1.000000000000000000e+00
-3.047057450287107372e+01 4.843124054199096662e+01 1.000000000000000000e+00
-1.045177835499296215e+01 5.516414302062116803e+01 1.000000000000000000e+00
-4.709954422888807102e+01 2.875715392321098207e+01 1.000000000000000000e+00
3.251078607944410237e+01 -3.778726830839016060e+01 1.000000000000000000e+00
3.304180577083352688e+01 -4.655903249995667892e+01 1.000000000000000000e+00
3.764100940727630018e+01 4.646492994066463211e+01 1.000000000000000000e+00
-2.536795819778628314e+01 -4.218560882621213892e+01 1.000000000000000000e+00
-1.642619553247308062e+01 4.541070482645623230e+01 1.000000000000000000e+00
5.169783595919913921e+01 -4.500636896896859973e+00 1.000000000000000000e+00
2.631347681015494544e+01 -4.791383823595530345e+01 1.000000000000000000e+00
-4.476113882955912970e+01 -1.459012818336647221e+01 1.000000000000000000e+00
4.848755396510631499e+01 -2.155474247351204298e+01 1.000000000000000000e+00
-5.070369174164952142e+01 5.742046943203038545e+00 1.000000000000000000e+00
-4.173943080370355574e+01 -2.881676933504282445e+01 1.000000000000000000e+00
4.336080516556622655e+01 -1.570925449259594053e+01 1.000000000000000000e+00
3.951014001867242342e+01 -4.152061819654171160e+01 1.000000000000000000e+00
-4.803286361538062721e+01 3.550805667444070934e+01 1.000000000000000000e+00
2.418552272420747329e+01 -5.142999967029781772e+01 1.000000000000000000e+00
2.354045117421617661e+01 -4.679614236315073583e+01 1.000000000000000000e+00
5.175566587599649182e+01 9.883676938578110693e+00 1.000000000000000000e+00
3.010842238959119399e+01 3.687984408942341474e+01 1.000000000000000000e+00
4.889382857564307727e+01 5.779846176179010087e+00 1.000000000000000000e+00
4.874449218733844447e+01 -3.698586680300907314e+00 1.000000000000000000e+00
-2.637182241228977375e+01 -5.303286978836640486e+01 1.000000000000000000e+00
3.758899991691064457e+01 -3.857095484286685405e+01 1.000000000000000000e+00
-4.637179083045211314e+01 9.622471787958152944e+00 1.000000000000000000e+00
-2.536541676234167930e+00 -5.352136530327987884e+01 1.000000000000000000e+00
-2.086761652554728741e+01 -5.096236153977792327e+01 1.000000000000000000e+00
2.472627383248515187e+01 -5.344754363294782706e+01 1.000000000000000000e+00
4.805471901054047379e+01 3.404607085411868184e+00 1.000000000000000000e+00
5.154440598977391375e+01 9.862937618425418052e+00 1.000000000000000000e+00
4.789802509635967454e+01 -2.992344561623649213e+01 1.000000000000000000e+00
-5.697426167518313633e+01 1.908305935511329210e+01 1.000000000000000000e+00
2.190698123463167590e+01 5.464278346158165789e+01 1.000000000000000000e+00
-4.713182357369579023e+01 3.330953059204021116e+01 1.000000000000000000e+00
-4.646331874843239973e+01 3.215378831171737062e+01 1.000000000000000000e+00
8.987369265268309704e+00 -5.772656766178705823e+01 1.000000000000000000e+00
-6.017513018705471062e+00 -4.705833449559206372e+01 1.000000000000000000e+00
-2.777949138366637527e+01 -3.770336941945649301e+01 1.000000000000000000e+00
2.962568931501736458e+01 -3.663970946742317381e+01 1.000000000000000000e+00
5.170927832277802594e+01 -1.855704735554069629e+01 1.000000000000000000e+00
-4.831525111527584215e+01 -2.490148997137458053e+01 1.000000000000000000e+00
3.345972106943990809e+01 3.475368274924318968e+01 1.000000000000000000e+00
-4.820127143656660706e+01 -4.353294628637996433e-01 1.000000000000000000e+00
2.444756609841691741e+01 4.928800220903623597e+01 1.000000000000000000e+00
5.365522881643477149e+01 1.996276722589216845e+01 1.000000000000000000e+00
4.336932760476373261e+01 -1.459848933782021163e+01 1.000000000000000000e+00
-2.790387602116531340e+01 3.736507865144064766e+01 1.000000000000000000e+00
3.288547678837775834e+01 -5.006891576250210107e+01 1.000000000000000000e+00
-5.702162177460120773e+01 4.971716703244659641e+00 1.000000000000000000e+00
3.184640134363915109e+01 -3.674810562325799168e+01 1.000000000000000000e+00
3.867815963605663399e+01 3.024272215176947043e+01 1.000000000000000000e+00
-1.463845292296117151e+01 -4.947139820468959215e+01 1.000000000000000000e+00
-1.533882566138872328e+01 5.728977131656292698e+01 1.000000000000000000e+00
-1.771077892364717243e+01 -4.482394038538915026e+01 1.000000000000000000e+00
-3.543699249404951246e+01 4.450566268467226649e+01 1.000000000000000000e+00
-4.252640693292181595e+01 -2.278680447786560492e+01 1.000000000000000000e+00
-5.330448267330663015e+01 -2.504946039110293299e+01 1.000000000000000000e+00
2.730376637648034688e+01 -5.186276863198181530e+01 1.000000000000000000e+00
2.315360181362996705e+00 5.873944373977983702e+01 1.000000000000000000e+00
-2.679085495290243202e+01 -3.850207370922039729e+01 1.000000000000000000e+00
4.574699694752244739e+01 -6.955784731476406080e+00 1.000000000000000000e+00
-2.443002619783556284e+01 -4.542352151609454580e+01 1.000000000000000000e+00
-1.230035010641309512e+01 5.104525226031690721e+01 1.000000000000000000e+00
-2.922676230847663259e+00 5.536891143893237910e+01 1.000000000000000000e+00
4.858316048691104783e+01 3.047338031072978026e+01 1.000000000000000000e+00
-5.030025801745158276e+01 8.086018094179651783e+00 1.000000000000000000e+00
-4.864621412425583458e+01 3.141588695755354621e+01 1.000000000000000000e+00
-2.031965493616457152e+01 4.733792590407215783e+01 1.000000000000000000e+00
4.372936672459132978e+01 1.439680368275515576e+01 1.000000000000000000e+00
4.800535987441620023e+01 -1.037067542616966875e+01 1.000000000000000000e+00
-4.763633991327278494e+01 -7.714996027120432309e+00 1.000000000000000000e+00
-3.557062618963218625e+01 -3.686314457150161417e+01 1.000000000000000000e+00
-5.618685232203301183e+01 -3.339415939470693040e+00 1.000000000000000000e+00
4.196278661456486958e+01 3.270275444188168024e+01 1.000000000000000000e+00
3.712389841178603689e+01 -4.504107316976268294e+01 1.000000000000000000e+00
-4.884313084688199069e+01 1.864721228452800261e+01 1.000000000000000000e+00
-5.468619516877590314e+01 -6.801015619713198568e+00 1.000000000000000000e+00
-2.590047007348955432e+01 -3.820181774353240201e+01 1.000000000000000000e+00
1.876389234759457736e+01 5.122869928924019689e+01 1.000000000000000000e+00
-4.465284327976014822e+01 -3.052348079868559694e+01 1.000000000000000000e+00
-4.844402593647641453e+01 -1.066157771972790336e+01 1.000000000000000000e+00
1.882051729160509002e+00 5.002852003947315040e+01 1.000000000000000000e+00
-4.568568742970700924e+01 -2.441594224562863857e+01 1.000000000000000000e+00
2.728117568413409355e+00 -5.878217240691548540e+01 1.000000000000000000e+00
-1.725510771481414807e+01 -4.627254259425387772e+01 1.000000000000000000e+00
-3.726540472064922938e+01 2.815182625449095610e+01 1.000000000000000000e+00
4.682162762362398922e+01 9.513079618740105659e+00 1.000000000000000000e+00
-8.666066030838942780e+00 -5.245730371463124442e+01 1.000000000000000000e+00
-4.713300159284447233e+01 3.546517947882012578e+01 1.000000000000000000e+00
-4.638939965744451399e+01 4.521270476296000318e+00 1.000000000000000000e+00
-4.981899608773235855e+01 1.707034286427678893e+01 1.000000000000000000e+00
-5.100581490459595102e+01 -2.060711477725081764e+01 1.000000000000000000e+00
-4.277083300845362146e+01 -2.963384004056406695e+01 1.000000000000000000e+00
2.609275372577080176e+01 -3.833226467568035645e+01 1.000000000000000000e+00
-4.480758727245460982e+00 4.564088560216682566e+01 1.000000000000000000e+00
-7.893848316747883587e+01 9.633576361391071430e+00 2.000000000000000000e+00
1.400069652293516542e+00 8.384335455004629978e+01 2.000000000000000000e+00
-6.784482035076901241e+01 -2.697107492283559083e+01 2.000000000000000000e+00
7.185233964907341431e+01 3.873225044608922030e+00 2.000000000000000000e+00
-5.193650790364056036e+01 -5.221078379489982524e+01 2.000000000000000000e+00
8.408745759034943035e+01 1.424155051301839414e+01 2.000000000000000000e+00
3.135956152747213821e+01 -7.287345853153998121e+01 2.000000000000000000e+00
7.925972503014843085e+01 2.595758759723404197e+01 2.000000000000000000e+00
7.637575155716382014e+00 -8.158873967831952712e+01 2.000000000000000000e+00
-3.306589736031208560e+01 -6.680513038360244593e+01 2.000000000000000000e+00
6.500686148513271689e+01 -4.481311133737066399e+01 2.000000000000000000e+00
-4.316461261945274686e+00 8.256795475463444234e+01 2.000000000000000000e+00
7.211023370462423543e+01 8.910431598693739019e+00 2.000000000000000000e+00
-2.094326309387855645e+01 -8.207868081555832873e+01 2.000000000000000000e+00
-5.737669468164509112e+01 4.094354069434579202e+01 2.000000000000000000e+00
-7.195009462504670239e+01 -4.450703365579898474e+01 2.000000000000000000e+00
1.606589834090294033e+01 7.116735665103584552e+01 2.000000000000000000e+00
-5.778358875110709647e+01 6.297676149084281150e+01 2.000000000000000000e+00
-4.105232818597321653e+01 -6.814468110064578354e+01 2.000000000000000000e+00
-6.973549084336507065e+01 2.774993013489114091e+01 2.000000000000000000e+00
7.511908769415862253e+01 1.207321485207789458e+01 2.000000000000000000e+00
-1.774075082239509626e+01 7.644944081269589731e+01 2.000000000000000000e+00
6.881119621766681860e+01 -2.301237873322884653e+01 2.000000000000000000e+00
-7.328723669811044772e+01 -3.191128270862265737e+01 2.000000000000000000e+00
2.330999952687161070e+01 8.222186603092993096e+01 2.000000000000000000e+00
2.572301543121080769e+01 -6.646846982973595175e+01 2.000000000000000000e+00
6.591725249905486805e+01 -4.280632072932173315e+01 2.000000000000000000e+00
-6.529414163230484291e+01 -4.255905175959927789e+01 2.000000000000000000e+00
5.029022226985618005e+01 5.124047248465947746e+01 2.000000000000000000e+00
-3.402015775555205579e+01 -6.857672822389082512e+01 2.000000000000000000e+00
-5.957692881103324822e+01 3.843113869066586830e+01 2.000000000000000000e+00
2.508657559396555570e+01 -7.388411699412058908e+01 2.000000000000000000e+00
5.597186194426326011e+01 -6.155158478631134500e+01 2.000000000000000000e+00
-6.423315938080931176e+01 -3.442649494964467749e+01 2.000000000000000000e+00
6.583445770387567109e+01 3.114432183220439043e+01 2.000000000000000000e+00
8.144346571714835648e+01 1.518126760829236233e+01 2.000000000000000000e+00
3.318197308433630610e+01 -7.373797855184935202e+01 2.000000000000000000e+00
-3.886676583016227227e+01 6.493709696475852411e+01 2.000000000000000000e+00
-8.195219583425266308e+01 5.033229255274901170e+00 2.000000000000000000e+00
2.551062031265740870e+01 6.635480767622581766e+01 2.000000000000000000e+00
-7.319605024661167647e+01 -2.292231210204759506e+01 2.000000000000000000e+00
4.823768841549414077e+01 5.385140411628827195e+01 2.000000000000000000e+00
7.822363769786615251e+01 -1.684207467796321467e+01 2.000000000000000000e+00
7.181245510824470557e+01 -3.700652065919887690e+01 2.000000000000000000e+00
-2.124278838030357264e+01 -7.085510682869035293e+01 2.000000000000000000e+00
-8.253238242030084848e+01 -7.747064850320229290e+00 2.000000000000000000e+00
-6.949930075447083766e+01 -3.650775042270453952e+01 2.000000000000000000e+00
-6.768115018392410320e+01 3.828278892548932788e+01 2.000000000000000000e+00
-4.538300203496039842e+01 5.605060727699345335e+01 2.000000000000000000e+00
-5.065240661632892660e+00 -7.873111708460685065e+01 2.000000000000000000e+00
-2.863602634801512536e+01 -6.551671327458720384e+01 2.000000000000000000e+00
3.117587581834060373e+01 6.327418756055740801e+01 2.000000000000000000e+00
7.623256726664823191e+01 3.870645795871878647e+01 2.000000000000000000e+00
-6.161946831506964628e+01 4.726975437908154731e+01 2.000000000000000000e+00
-6.147756946423819358e+01 -4.263897379726888914e+01 2.000000000000000000e+00
7.817730275292494468e+01 3.118808758837088746e+00 2.000000000000000000e+00
7.083435056108825734e+01 2.443032036732605405e+01 2.000000000000000000e+00
-5.545086698826732174e+01 5.518771048323484507e+01 2.000000000000000000e+00
7.638752124383006503e+01 1.993241803752895436e+01 2.000000000000000000e+00
-6.133146297783476086e+01 -3.790187332275283438e+01 2.000000000000000000e+00
9.020771666648599307e+00 -7.986261553100391097e+01 2.000000000000000000e+00
-1.851647408569400355e+01 -7.692463383960559042e+01 2.000000000000000000e+00
-7.970153059376070814e+01 4.417024774484332283e+00 2.000000000000000000e+00
-3.171276228695000299e+01 -7.840766693253817721e+01 2.000000000000000000e+00
-1.977027455885618679e+01 7.531958943433399156e+01 2.000000000000000000e+00
-3.163391452265603698e-01 8.305524626447703440e+01 2.000000000000000000e+00
-7.666214118665989119e+00 8.409935443994002924e+01 2.000000000000000000e+00
-6.160461797977768583e+01 -4.732489360701789849e+01 2.000000000000000000e+00
4.538956423223218017e+00 -7.879271963317908956e+01 2.000000000000000000e+00
-3.531586427330489997e+00 -7.434794065138440544e+01 2.000000000000000000e+00
7.082109791296598189e+01 1.517026200940586023e+01 2.000000000000000000e+00
-7.464818848388519257e+01 -2.301313084818534804e+01 2.000000000000000000e+00
-2.705610361613604908e+01 7.107165631027267239e+01 2.000000000000000000e+00
-5.708235760878832110e+01 -4.301369275595298802e+01 2.000000000000000000e+00
7.707457325881912880e+01 -3.067760706291026551e+01 2.000000000000000000e+00
3.166559717447352895e+01 -7.918772397758625914e+01 2.000000000000000000e+00
-2.097972367538037730e+01 -7.850666280936516728e+01 2.000000000000000000e+00
6.653431546285226261e+01 3.732807829458305804e+01 2.000000000000000000e+00
6.633350893439383356e+01 -3.765740752348821019e+01 2.000000000000000000e+00
6.346302874667056670e+01 -5.067058882906852801e+01 2.000000000000000000e+00
-8.296960292933292180e+01 -1.844098527127305331e+01 2.000000000000000000e+00
7.535081916114640421e+01 -3.563368974595595517e+01 2.000000000000000000e+00
-5.583793833096383707e+01 4.932003618993005745e+01 2.000000000000000000e+00
3.743500276741568911e+01 -6.646485036554491899e+01 2.000000000000000000e+00
-4.216681823302408105e+01 6.558906418498271762e+01 2.000000000000000000e+00
-4.714070992611122790e+01 -5.556470215318848460e+01 2.000000000000000000e+00
-2.559892549381393678e+01 -6.660560482259457160e+01 2.000000000000000000e+00
-7.109614024253463072e+01 1.413314625385067735e+01 2.000000000000000000e+00
-2.026272363645000851e+01 7.371729139626064864e+01 2.000000000000000000e+00
5.307973318041937461e+01 -4.825715781023036044e+01 2.000000000000000000e+00
-6.335462477924289715e+01 -3.715485026418509307e+01 2.000000000000000000e+00
-3.549793946559912428e+01 6.326668141470417339e+01 2.000000000000000000e+00
-2.767829836004924360e+01 -7.783007449010383993e+01 2.000000000000000000e+00
4.401492138478545968e+01 6.827399753900540702e+01 2.000000000000000000e+00
-7.442377153802259215e+01 3.221788459349107825e+01 2.000000000000000000e+00
7.412775835335014563e+01 -2.017122740107139833e+01 2.000000000000000000e+00
-1.988159482254570065e+01 -7.069371605665098457e+01 2.000000000000000000e+00
-3.493225069189224286e+01 7.001430954572050780e+01 2.000000000000000000e+00
-6.527244168330027208e+01 -3.935074598577310923e+01 2.000000000000000000e+00
4.099292459869169392e+01 6.507902382216551018e+01 2.000000000000000000e+00
