# x1, x2, y
-1.935394000389652813e+00 -5.042321521439668830e-01 0.000000000000000000e+00
-4.879252305067239170e+00 2.862323696491372083e+00 0.000000000000000000e+00
-4.627136228995255784e+00 1.894626696296545232e+00 0.000000000000000000e+00
-3.911555304872412986e+00 3.114439772563355469e+00 0.000000000000000000e+00
-2.650974924512495612e+00 -1.724045228410776787e+00 0.000000000000000000e+00
-2.691742228605603415e+00 2.398858848440512226e+00 0.000000000000000000e+00
-3.366555848635338855e+00 -2.943858304677586801e+00 0.000000000000000000e+00
-2.187510076461636199e+00 4.634648480508595236e-01 0.000000000000000000e+00
1.976161304482760173e+00 -3.618671924707322241e+00 1.000000000000000000e+00
3.911555304872412986e+00 -3.114439772563355469e+00 1.000000000000000000e+00
3.407323152728446214e+00 -1.179045772173702433e+00 1.000000000000000000e+00
1.935394000389652813e+00 5.042321521439668830e-01 1.000000000000000000e+00
2.650974924512495612e+00 1.724045228410776787e+00 1.000000000000000000e+00
2.146742772368528840e+00 3.659439228800429156e+00 1.000000000000000000e+00
2.691742228605603415e+00 -2.398858848440512226e+00 1.000000000000000000e+00
2.439626152533619585e+00 -1.431161848245686041e+00 1.000000000000000000e+00
