# x1, x2, y
3.822828909446801537e-01 9.063663006334748973e-01 0.000000000000000000e+00
-5.459687717524740469e-01 -7.070431186650108502e-02 1.000000000000000000e+00
8.694095618322605912e-01 3.768495127558366686e-01 0.000000000000000000e+00
5.185604754787742632e-01 5.907368039098553902e-02 1.000000000000000000e+00
1.031596382649519139e+00 -8.154687002478179514e-02 0.000000000000000000e+00
4.131878157413018671e-01 -3.471933792734013258e-01 1.000000000000000000e+00
-7.559637645413544993e-01 6.465254091247376600e-01 0.000000000000000000e+00
-3.079084502574053195e-01 4.551620595345647335e-01 1.000000000000000000e+00
6.896164562289429645e-01 -7.592631842844490553e-01 0.000000000000000000e+00
9.348697097561458058e-01 -3.982825745302128739e-01 0.000000000000000000e+00
4.509222873416089961e-01 -1.897410198648128987e-01 1.000000000000000000e+00
-3.453781035192703408e-01 -9.361145788516764821e-01 0.000000000000000000e+00
2.306025008492952610e-02 9.793123044507365815e-01 0.000000000000000000e+00
-2.634969185828174229e-02 4.288898531589497853e-01 1.000000000000000000e+00
-2.035213006646577338e-01 -4.298431720253873545e-01 1.000000000000000000e+00
-6.723299125651069907e-01 -7.442616528044299073e-01 0.000000000000000000e+00
7.638694720151216755e-01 7.945930409756878365e-01 0.000000000000000000e+00
-3.883098742370033607e-01 -2.956011134055738232e-01 1.000000000000000000e+00
1.893107808081671145e-02 -4.196428401546075104e-01 1.000000000000000000e+00
-4.040232975055631504e-01 3.669826473328949845e-01 1.000000000000000000e+00
2.505477670387999400e-01 3.349597528010275771e-01 1.000000000000000000e+00
3.844724966576567593e-01 2.198680627568428414e-01 1.000000000000000000e+00
2.017728521531102492e-01 -4.359374780359395185e-01 1.000000000000000000e+00
-9.682410915449922717e-01 6.210813828485951815e-02 0.000000000000000000e+00
3.620118535353168687e-02 -1.056430791632151811e+00 0.000000000000000000e+00
4.761483588848997028e-01 -8.906857462220929555e-01 0.000000000000000000e+00
-3.831212708733854888e-01 9.904911006018078667e-02 1.000000000000000000e+00
-9.672082359338638469e-01 4.314574563318558376e-01 0.000000000000000000e+00
-9.106836148842256673e-01 -4.013168031354482634e-01 0.000000000000000000e+00
1.980633906465019134e-01 4.050283703525032752e-01 1.000000000000000000e+00
-3.410406042271398319e-01 9.410643514412551092e-01 0.000000000000000000e+00
-4.942337093742587006e-01 -3.683881620296246551e-01 1.000000000000000000e+00
