# x1, x2, y
6.225037254937010545e+00 -9.982884898879647029e-01 1.000000000000000000e+00
8.644575800864739534e+00 -2.207267141917668152e+00 0.000000000000000000e+00
8.756515055263175640e+00 -1.431817382865641530e+00 0.000000000000000000e+00
-1.597728982112170293e+00 -2.397244876076436160e-02 0.000000000000000000e+00
2.148062270035710208e-01 1.019593470569814420e+00 0.000000000000000000e+00
8.780141171541544054e+00 -2.372737101545140614e+00 0.000000000000000000e+00
6.943729318671855444e-03 8.332030176497699780e-02 1.000000000000000000e+00
2.949655290790005324e+00 -1.886212926538071821e+00 1.000000000000000000e+00
5.765849848872560912e+00 -3.601128763559197310e+00 0.000000000000000000e+00
5.957789561826388081e+00 -2.893912478305710412e+00 0.000000000000000000e+00
4.428163171787440344e-01 1.365735307267543996e+00 0.000000000000000000e+00
4.184744731113640981e+00 -1.551437521865430824e-01 1.000000000000000000e+00
7.894042792624277105e+00 -2.939458155040686638e+00 0.000000000000000000e+00
6.517463309517101067e+00 -3.353273433643229939e+00 0.000000000000000000e+00
4.280960899751822701e+00 -2.142495337967580404e-01 1.000000000000000000e+00
2.749548304348238048e+00 3.788633999368991034e-01 1.000000000000000000e+00
4.992668678678144900e+00 -2.272786025974947055e+00 0.000000000000000000e+00
5.286366693667827299e+00 -3.923293095879996084e+00 0.000000000000000000e+00
5.579751685456904031e-01 -6.854304390571895889e-01 1.000000000000000000e+00
8.811575795719893023e+00 -3.054912604967000789e+00 0.000000000000000000e+00
1.013689484191039991e+00 -8.629870999849445501e-02 0.000000000000000000e+00
5.681172963521570196e+00 -2.375524608187084663e+00 1.000000000000000000e+00
2.705175904118403807e+00 -2.368157544223282951e+00 1.000000000000000000e+00
4.103328388004380933e+00 -2.111062962223203332e+00 0.000000000000000000e+00
8.998710848293619335e+00 -1.795838252501285481e+00 0.000000000000000000e+00
3.080336995926484800e+00 -1.496568089086023901e-01 1.000000000000000000e+00
4.731851369103939220e+00 -1.070747094596741444e+00 1.000000000000000000e+00
4.907531776558600178e+00 -6.106593014544632325e-01 1.000000000000000000e+00
7.756121132043116262e+00 -2.371165063163262143e+00 0.000000000000000000e+00
7.042737657715495203e+00 -3.273018744009517089e+00 0.000000000000000000e+00
3.434299860645833924e+00 -1.903548606591506598e+00 1.000000000000000000e+00
3.801642572173030477e+00 -1.441468574114428858e+00 0.000000000000000000e+00
2.419303836014838005e+00 -2.018593932205769104e+00 1.000000000000000000e+00
5.014663181800280256e+00 -9.737732349197258941e-02 1.000000000000000000e+00
6.565752658397364883e+00 -2.819080692721178227e+00 0.000000000000000000e+00
6.481679537284431802e+00 -8.457707920128938461e-01 1.000000000000000000e+00
7.076079511063097627e+00 -3.254811143724145595e+00 0.000000000000000000e+00
6.163095329010717549e+00 -2.890558514458013928e+00 0.000000000000000000e+00
5.363620712980604388e+00 -7.794640842058704333e-01 1.000000000000000000e+00
5.329059551478973589e+00 -3.384001198799990728e+00 0.000000000000000000e+00
5.997174201209878319e+00 -3.142067430696712904e+00 0.000000000000000000e+00
5.638870487515649010e+00 -6.865856659158224851e-01 1.000000000000000000e+00
3.135895930998074732e+00 -2.922503973539016808e-01 1.000000000000000000e+00
8.310359252794182083e+00 -2.583436568841249947e+00 0.000000000000000000e+00
-3.272209319840411745e-01 1.517196957351552467e+00 0.000000000000000000e+00
1.169180400621756322e+00 -4.750428883300445992e-01 1.000000000000000000e+00
2.073110609319710917e+00 8.607102141875255796e-02 1.000000000000000000e+00
1.750561025694949757e+00 1.630541551003635570e-01 0.000000000000000000e+00
7.878713609445490818e+00 -2.854435070447566503e+00 0.000000000000000000e+00
3.072026854276089125e+00 -1.680815855112389734e-01 1.000000000000000000e+00
3.129667295142931849e+00 -5.029787253832627286e-02 1.000000000000000000e+00
6.936959230535066467e+00 -3.858345668450581467e+00 0.000000000000000000e+00
1.053161345251540038e+00 1.164498806625504090e-01 0.000000000000000000e+00
4.455919486669873031e+00 -1.415916891632672314e+00 0.000000000000000000e+00
1.908195735268364834e-01 1.476160113095354331e+00 0.000000000000000000e+00
5.297827679710671589e+00 -5.412719062843747153e-01 1.000000000000000000e+00
4.719963596151425023e+00 -4.281474189432232791e-01 1.000000000000000000e+00
-7.840320605588768643e-01 1.141775914541166337e+00 0.000000000000000000e+00
6.224237156726373232e-01 1.337060727370376956e+00 0.000000000000000000e+00
3.458641978278744311e+00 -1.708936507710941299e+00 1.000000000000000000e+00
