# x1, x2, y
8.148199263770612433e+00 -2.929053058342986571e+00 0.000000000000000000e+00
6.818402857293953678e-01 1.079633450445081966e+00 0.000000000000000000e+00
-9.784225428874468999e-01 1.223650514952428381e+00 0.000000000000000000e+00
3.050972071997526847e+00 -5.044566103168564020e-01 1.000000000000000000e+00
6.280907635040771986e+00 -3.694784102567723050e+00 0.000000000000000000e+00
5.834106408973842584e+00 -3.539685680488281694e+00 0.000000000000000000e+00
9.175703590166964574e+00 -1.707031168662148879e+00 0.000000000000000000e+00
7.125135415440754905e+00 -2.501560721489088923e+00 1.000000000000000000e+00
7.489966053295679771e+00 -3.674590933570119677e+00 0.000000000000000000e+00
5.502158762208177123e+00 -3.884164462496156212e+00 0.000000000000000000e+00
5.132894999914638490e+00 -6.204239239346136525e-01 1.000000000000000000e+00
3.774919247467074968e+00 -2.304869722631138540e+00 0.000000000000000000e+00
6.828063797093165022e+00 -3.377456383642348570e+00 0.000000000000000000e+00
4.033750459968111102e+00 -9.081677295352610368e-01 1.000000000000000000e+00
4.941539428510835386e+00 -1.436099152410052149e+00 1.000000000000000000e+00
-1.606016007509402321e+00 -3.848816046656342582e-01 0.000000000000000000e+00
6.743062341575833507e+00 -4.812154491216603880e+00 0.000000000000000000e+00
8.817181907185565493e+00 -1.379196043210987765e+00 0.000000000000000000e+00
2.528069731450032442e+00 -1.423156511391282519e+00 1.000000000000000000e+00
8.438972133204607928e+00 -2.308041463015849892e+00 0.000000000000000000e+00
6.223993979462319359e+00 -1.586409819819093237e+00 1.000000000000000000e+00
5.059923670990715827e+00 -3.339754600458415101e+00 0.000000000000000000e+00
7.468448928596113312e+00 -2.666746980683179835e+00 0.000000000000000000e+00
5.186685220986976930e+00 -2.264469453224872808e+00 0.000000000000000000e+00
6.503635489688093241e-01 1.133292863738803113e+00 0.000000000000000000e+00
3.792338584343100116e+00 -3.287011045331560410e-01 1.000000000000000000e+00
7.697048822295061044e+00 -2.539342894220220526e+00 0.000000000000000000e+00
2.430471911772515536e+00 -6.839694492405659076e-01 1.000000000000000000e+00
5.668154901969399972e+00 -3.179910033126859492e+00 0.000000000000000000e+00
5.832258518932979641e+00 -3.346003153555139775e+00 0.000000000000000000e+00
4.927560196141480553e+00 -1.158381714430161580e+00 1.000000000000000000e+00
3.399878507864401822e+00 2.522797789311139738e-01 1.000000000000000000e+00
3.595814992750065553e+00 5.092274225461999038e-01 1.000000000000000000e+00
3.423620207775050162e+00 -1.309905914197797561e+00 0.000000000000000000e+00
-1.844811245015902434e+00 4.609411202742070834e-01 0.000000000000000000e+00
4.749201943748446730e+00 -2.356929226873935690e+00 0.000000000000000000e+00
1.161131443928400397e-01 3.367334198731447570e-01 1.000000000000000000e+00
5.159223646342766756e+00 -9.845073470371263902e-01 1.000000000000000000e+00
5.398502469809426607e+00 -2.878526477294348851e+00 0.000000000000000000e+00
1.182828575554228934e+00 -6.413320469968240012e-01 1.000000000000000000e+00
-2.177202293561012691e+00 -1.691746068374931633e-01 0.000000000000000000e+00
-1.131619021328683861e+00 1.536438087170012512e+00 0.000000000000000000e+00
1.456952356248096159e+00 -9.867562898556289097e-01 1.000000000000000000e+00
5.339924687659316938e+00 -2.818881205507418830e+00 0.000000000000000000e+00
3.809851906896663642e+00 -9.909665250919783563e-01 1.000000000000000000e+00
6.273499069099360170e+00 -2.200023314265742158e+00 1.000000000000000000e+00
8.014346660202157357e-01 1.002454368647685889e+00 0.000000000000000000e+00
1.633551759864905417e+00 9.541987512175840180e-01 0.000000000000000000e+00
3.246734836818915837e-01 3.192248318547045161e-01 1.000000000000000000e+00
4.572674583013455418e+00 -2.019585964263043820e+00 0.000000000000000000e+00
5.869774887443458766e+00 -3.838448481518631716e+00 0.000000000000000000e+00
7.376316160113805864e+00 -3.687002735880969162e+00 0.000000000000000000e+00
7.695423537697238636e+00 -2.988461160636903369e+00 0.000000000000000000e+00
1.143764207314698966e+00 -2.539268399545324129e-01 1.000000000000000000e+00
4.013696681291110124e+00 -2.275165861391643674e+00 1.000000000000000000e+00
1.718860466917781160e+00 -2.124596072429028482e+00 1.000000000000000000e+00
4.037559196534150630e+00 -1.473815165569660302e+00 0.000000000000000000e+00
1.714894639455032621e+00 1.006763001434088034e+00 0.000000000000000000e+00
4.689111459003574289e+00 -3.758203077856485663e-01 1.000000000000000000e+00
3.933852620187599847e+00 -1.632781712927535267e+00 1.000000000000000000e+00
3.095207786754482271e+00 -1.704303076365546454e+00 1.000000000000000000e+00
-1.710906624509556107e+00 5.212011235423303912e-01 0.000000000000000000e+00
5.800644320017501743e-01 -9.514292725966656816e-02 1.000000000000000000e+00
2.346493857703432440e+00 -6.510130120832176015e-01 1.000000000000000000e+00
3.062380870189863824e+00 4.660507131473548559e-02 1.000000000000000000e+00
9.577135610139684285e-01 1.045362554675020483e+00 0.000000000000000000e+00
2.485372787678937989e+00 -1.070512440397997089e+00 1.000000000000000000e+00
8.100060277074010884e+00 -2.823945671316395956e+00 0.000000000000000000e+00
4.349785042033350813e+00 4.137670704329154958e-02 1.000000000000000000e+00
6.678076218054489033e+00 -2.002197503952372948e+00 1.000000000000000000e+00
6.226440573273216650e+00 -1.234215248893752781e+00 1.000000000000000000e+00
-1.092118449851047446e+00 5.513823264208400632e-01 0.000000000000000000e+00
2.195490543932613114e+00 -2.307920342285045834e+00 1.000000000000000000e+00
3.747307081386129113e+00 -1.632682874124232741e+00 1.000000000000000000e+00
3.399932104304611791e+00 -2.038236623375920153e+00 1.000000000000000000e+00
2.087171092304673348e+00 -7.766120090443995316e-01 1.000000000000000000e+00
6.650749793003874366e+00 -3.280865317886462407e+00 0.000000000000000000e+00
3.107464860431032871e-01 -3.141803678267634514e-01 1.000000000000000000e+00
1.450072481001382307e+00 -1.051759141287489374e-01 0.000000000000000000e+00
5.290932393530283662e+00 -3.075768334619353617e+00 0.000000000000000000e+00
6.493927059213895348e-01 -8.005547110525863819e-02 1.000000000000000000e+00
1.866553435840118347e+00 -3.041291990754882768e+00 1.000000000000000000e+00
5.833080693665518623e+00 1.230502989124002688e-01 1.000000000000000000e+00
6.094797444666506969e+00 -3.148869238275911808e+00 0.000000000000000000e+00
6.629453636365268743e+00 -1.675084949856558314e+00 1.000000000000000000e+00
6.459273846705185784e-01 1.414288401938271322e+00 0.000000000000000000e+00
6.139265746081475683e+00 -4.882724831122007281e-01 1.000000000000000000e+00
-6.647871368927944502e-01 6.251440472092263390e-01 1.000000000000000000e+00
1.529296050955171737e-01 1.735445782291259675e+00 0.000000000000000000e+00
7.158909334049925022e+00 -3.397438700699529246e+00 0.000000000000000000e+00
5.082070598431857711e+00 -1.978588277722312938e-01 1.000000000000000000e+00
5.191157797591825940e+00 -3.208588007380726470e+00 0.000000000000000000e+00
6.778864528208393025e+00 -2.050797522177841614e+00 1.000000000000000000e+00
5.988159394635967914e+00 -4.005182782291321963e+00 0.000000000000000000e+00
-2.295743904688235804e-01 -1.743621867851360419e-01 1.000000000000000000e+00
2.040569871856555029e+00 -2.005628914248274441e-01 1.000000000000000000e+00
6.795956579565959998e+00 -3.501176737102664305e+00 0.000000000000000000e+00
6.461233800701234209e+00 -3.836694453590637988e+00 0.000000000000000000e+00
5.032979464692569849e+00 -1.035209286271336238e+00 1.000000000000000000e+00
3.966618467956570804e+00 2.201628749042612299e-01 1.000000000000000000e+00
2.702343144431116340e+00 -1.337248698178059580e+00 1.000000000000000000e+00
6.782035237852767295e+00 -1.545590623721631474e+00 1.000000000000000000e+00
-8.270631736264218992e-01 1.037209966093424640e+00 0.000000000000000000e+00
9.333488704408637204e+00 -1.192056646019080013e+00 0.000000000000000000e+00
5.953481867956001317e+00 -1.581128214584291758e+00 1.000000000000000000e+00
7.849889925373457089e+00 -2.483528637917904458e+00 0.000000000000000000e+00
4.413063350086025571e-01 -6.054197246298445578e-02 1.000000000000000000e+00
8.200572565181721174e+00 -2.443547689300161085e+00 0.000000000000000000e+00
1.422886331226086210e+00 2.868773994143735129e-01 0.000000000000000000e+00
-1.312773867537411654e+00 1.437446844000140889e+00 0.000000000000000000e+00
2.573900783288610050e+00 -2.079091774226489608e+00 1.000000000000000000e+00
6.912317262281352015e+00 -2.546598961316678178e+00 1.000000000000000000e+00
6.350038900166407707e+00 -1.947217646014558268e+00 1.000000000000000000e+00
2.858069106865417375e+00 -1.870070812252809356e+00 1.000000000000000000e+00
4.561866137522433640e+00 -5.755407991586303229e-01 1.000000000000000000e+00
6.659305334518656139e+00 -3.801830938558991679e+00 0.000000000000000000e+00
8.529511535310282611e+00 -2.681075375037541786e+00 0.000000000000000000e+00
1.516818648317145968e+00 6.054560066639070870e-01 0.000000000000000000e+00
2.893188663335918953e+00 3.836352918702817805e-01 1.000000000000000000e+00
1.057766104201758095e+00 -2.572924975197720121e-01 1.000000000000000000e+00
7.448677712180793442e+00 -3.374171299103902122e+00 0.000000000000000000e+00
2.410104736919688406e+00 -1.528958405936667431e+00 1.000000000000000000e+00
1.553482608404931353e+00 -6.221969252211113632e-01 1.000000000000000000e+00
3.401883635813766210e-02 1.911236651157463218e+00 0.000000000000000000e+00
2.231167605766991802e+00 -1.652756313860690884e+00 1.000000000000000000e+00
5.846556508477100955e+00 -1.252608632230397756e+00 1.000000000000000000e+00
6.908828522420959573e+00 -3.674754964621718578e+00 0.000000000000000000e+00
7.326904803333230021e+00 -3.551719415282977188e+00 0.000000000000000000e+00
4.940683908423579851e+00 -2.064046950516140733e-01 1.000000000000000000e+00
7.008394209259046770e-01 1.294301222318523736e+00 0.000000000000000000e+00
2.965850575851606052e+00 -2.514989223278061736e+00 1.000000000000000000e+00
6.216706201254534214e+00 -6.474311853821923535e-02 1.000000000000000000e+00
2.395655315500574201e+00 -2.050582937561014507e+00 1.000000000000000000e+00
6.858004188452202499e+00 -2.178893999497872880e+00 0.000000000000000000e+00
6.171593235547411460e+00 -1.556658941146161546e+00 1.000000000000000000e+00
4.456180996670753736e+00 -5.088327726789092509e-01 1.000000000000000000e+00
6.446057739128069564e+00 -1.262681925257742144e+00 1.000000000000000000e+00
1.332985728178714746e+00 4.131944613820240919e-01 0.000000000000000000e+00
2.856923476057435352e+00 -1.008464179966375829e+00 1.000000000000000000e+00
6.490974261180795679e+00 -2.133104892364740657e+00 0.000000000000000000e+00
7.743899923769404836e+00 -2.501424464506604828e+00 0.000000000000000000e+00
-1.135232870891175416e+00 8.495936611527736826e-01 0.000000000000000000e+00
-9.329613794653638381e-01 4.393849551762877281e-01 0.000000000000000000e+00
-1.376478197996135577e+00 8.460843234997164064e-01 0.000000000000000000e+00
4.678679846767336281e-01 -8.148648173870023381e-01 1.000000000000000000e+00
2.247667720769218835e+00 -8.705508529549350616e-01 1.000000000000000000e+00
1.088988100111133228e+00 -9.915546906239249836e-01 1.000000000000000000e+00
4.826515725901050935e+00 -2.222836072695798748e+00 0.000000000000000000e+00
1.755289203336865000e+00 -3.009944369646682105e+00 1.000000000000000000e+00
-9.590284528565031774e-01 1.369048142238727950e+00 0.000000000000000000e+00
5.006800763310902624e+00 -3.361778156428421482e+00 0.000000000000000000e+00
1.710421499812577295e+00 6.230481208030285156e-01 0.000000000000000000e+00
8.365406676526038865e+00 -2.564235918863424502e+00 0.000000000000000000e+00
7.076788247278844146e+00 -1.341075112272880121e+00 1.000000000000000000e+00
6.372082521335343586e+00 -8.127682098851534143e-01 1.000000000000000000e+00
2.146370490867581360e+00 -1.590487771173869636e+00 1.000000000000000000e+00
5.266418323725720718e+00 -2.302972731363650105e+00 0.000000000000000000e+00
6.482560624113195225e+00 -3.157588554812355675e+00 1.000000000000000000e+00
2.768461610317599852e+00 -1.328775106148264662e+00 1.000000000000000000e+00
5.016955285717521917e+00 -3.138629039120023112e+00 0.000000000000000000e+00
2.131509880799779655e+00 -3.520175241158518542e-01 1.000000000000000000e+00
6.325649127499679558e+00 -3.893597976033751351e+00 0.000000000000000000e+00
6.877471556613384607e+00 -2.545889322620745965e+00 1.000000000000000000e+00
8.840680135520138094e+00 -3.115021082528754981e+00 0.000000000000000000e+00
5.780064260818298827e+00 -1.089759413090146012e+00 1.000000000000000000e+00
4.547581329123892679e+00 -2.760399102392461668e+00 0.000000000000000000e+00
5.155215128455989393e-02 -4.581351227673743365e-01 1.000000000000000000e+00
9.440242546908933496e-01 -3.626543940443135994e-01 1.000000000000000000e+00
6.194146176314387020e+00 -7.036999948908313485e-01 1.000000000000000000e+00
4.599107278810995680e+00 -2.336698510285947883e+00 0.000000000000000000e+00
8.295183591055227401e-01 -1.264553507371539487e+00 1.000000000000000000e+00
1.254856370821398448e+00 -6.834757082087021818e-01 1.000000000000000000e+00
4.135635070388829604e+00 -1.095497794321727003e+00 1.000000000000000000e+00
3.779160223637273663e+00 -3.679119099229617440e-01 1.000000000000000000e+00
1.948073882455519268e+00 -5.727709533617084681e-01 1.000000000000000000e+00
7.032109590596597570e+00 -2.674678648766666722e+00 0.000000000000000000e+00
8.533673289316322297e+00 -2.094456476074003870e+00 0.000000000000000000e+00
7.934056167083527455e+00 -2.604432083683936305e+00 0.000000000000000000e+00
2.094400839059287645e+00 -4.266053772455233872e-01 1.000000000000000000e+00
1.206653084399357478e+00 1.019387324983423770e+00 0.000000000000000000e+00
4.918653435382753791e+00 4.283700867336426299e-02 1.000000000000000000e+00
5.701769751356542848e+00 -6.829109960889603315e-01 1.000000000000000000e+00
4.155317042680840345e+00 -1.941887904506409246e+00 0.000000000000000000e+00
2.660617928084256789e+00 6.733494948453532247e-01 1.000000000000000000e+00
-9.796582936776719874e-01 -1.391667108188860413e-01 0.000000000000000000e+00
5.659735095810910721e+00 -2.472384309872162511e+00 0.000000000000000000e+00
6.223254650050564329e+00 -1.255296008061700164e+00 1.000000000000000000e+00
2.272921781869249092e+00 -3.374026174119499344e-01 1.000000000000000000e+00
6.216618657879291021e+00 -1.848310235686842162e+00 1.000000000000000000e+00
4.583051967937204374e+00 -2.667519740155367192e+00 0.000000000000000000e+00
6.793026259858373272e+00 -3.640631268541533849e+00 0.000000000000000000e+00
-5.561218600942995360e-01 1.603888252964169592e+00 0.000000000000000000e+00
3.784199845342273605e+00 -3.530906789488694741e-01 1.000000000000000000e+00
5.233019552976398536e+00 -2.554322335093529794e+00 0.000000000000000000e+00
1.657900625363978531e+00 -5.048906258331467001e-01 0.000000000000000000e+00
2.852354346738217750e+00 7.606359982166011058e-01 1.000000000000000000e+00
-1.217898577115072989e+00 1.116056395452422079e+00 0.000000000000000000e+00
5.313814977399960782e+00 -3.107492402965983835e+00 0.000000000000000000e+00
2.219628743012045824e+00 -3.663251331989313408e-01 1.000000000000000000e+00
2.879459004005690659e+00 -2.571971049430085365e+00 1.000000000000000000e+00
3.268572877649749131e+00 -1.904942018247915980e+00 1.000000000000000000e+00
3.206702317827856419e+00 -1.575775558795353026e+00 1.000000000000000000e+00
-1.078294234640811700e-01 9.276428843847559502e-01 1.000000000000000000e+00
-1.079080153712283385e+00 1.265211042528428642e+00 0.000000000000000000e+00
2.698163979366729470e-01 1.659413830994204364e+00 0.000000000000000000e+00
4.845409362538111608e+00 -1.080052189927046324e+00 1.000000000000000000e+00
-1.727567096522973911e-01 -7.133455645306319148e-01 1.000000000000000000e+00
5.008449368523475165e-02 1.057823739656316597e+00 0.000000000000000000e+00
8.816786987458467451e+00 -3.174973414335544142e+00 0.000000000000000000e+00
7.934369776420513887e+00 -2.073552401382798394e+00 0.000000000000000000e+00
5.347752622919070831e+00 -2.986703977390451570e+00 0.000000000000000000e+00
-1.194679889753466728e+00 7.517452657894322376e-01 0.000000000000000000e+00
3.319745325214901399e+00 -1.683026734093619359e+00 1.000000000000000000e+00
5.272062011743491539e+00 -6.727498455538865052e-01 1.000000000000000000e+00
4.626646440804072391e+00 -1.118146725236100369e+00 0.000000000000000000e+00
-6.140306647111103411e-01 1.604503969301811939e+00 0.000000000000000000e+00
7.846954582796792366e+00 -2.472315900081206941e+00 0.000000000000000000e+00
3.337542657478975716e+00 -1.105777536203009337e+00 1.000000000000000000e+00
5.567510053457490393e+00 -1.701140229868931542e+00 1.000000000000000000e+00
1.222716962672702135e+00 1.333107559573349477e+00 0.000000000000000000e+00
8.626130343778601883e+00 -2.473941422977860238e+00 0.000000000000000000e+00
4.925171496767593915e+00 -3.823965773894538955e+00 0.000000000000000000e+00
2.701596647737750878e+00 -1.463819566762880331e-01 1.000000000000000000e+00
7.684850364088005925e+00 -2.304715160963810128e+00 0.000000000000000000e+00
6.636151807370972655e+00 -3.982719908294050093e+00 0.000000000000000000e+00
4.531750162152408556e+00 -4.964983874668593700e-02 1.000000000000000000e+00
3.023690357325527489e-01 7.805289179340623162e-01 0.000000000000000000e+00
3.212175665753088438e+00 -1.042846023667690636e+00 1.000000000000000000e+00
2.310266167895010270e+00 -1.362557693056754671e+00 1.000000000000000000e+00
5.538964804057876279e+00 -2.150519487446096445e+00 0.000000000000000000e+00
3.943404352192982909e-01 4.865913977569238380e-01 1.000000000000000000e+00
4.006722610167612331e+00 -1.259701878605793857e+00 1.000000000000000000e+00
3.056909013833952304e+00 5.529458393722261889e-01 1.000000000000000000e+00
4.810910185206270562e+00 -1.425061832932315697e+00 0.000000000000000000e+00
-4.110091241785494010e-01 -1.155220339512479932e-01 1.000000000000000000e+00
4.595158006817934293e+00 -2.044675174786119154e+00 0.000000000000000000e+00
3.415416519023447339e+00 -4.127303178493479940e-01 1.000000000000000000e+00
2.918546900481775896e+00 8.835426727851687367e-01 1.000000000000000000e+00
1.768886058764496561e+00 -7.973325243662306994e-01 1.000000000000000000e+00
5.341788173181839738e+00 1.333680037076887537e-01 1.000000000000000000e+00
