# x1, x2, y
-2.068845469208575039e-01 9.217166892380229681e-01 0.000000000000000000e+00
1.296737393562502338e-01 4.612812166040908934e+00 1.000000000000000000e+00
4.050991039459787557e-01 3.986414943607972550e+00 1.000000000000000000e+00
-3.817292083671460778e-01 -1.248644661644695147e-01 0.000000000000000000e+00
-7.931251371131997630e-01 6.822712106312907920e+00 2.000000000000000000e+00
-1.146378946738175753e+00 8.688283644332699396e+00 2.000000000000000000e+00
-1.079076358522541801e+00 9.214726953051069813e+00 2.000000000000000000e+00
-7.093572946906920862e-01 7.638725725912221876e+00 2.000000000000000000e+00
-8.062419616068815520e-01 4.447114732478826937e+00 1.000000000000000000e+00
1.055835141595279802e+00 7.627301348184052365e+00 2.000000000000000000e+00
-2.814637125675856222e-01 -4.790478055906667865e-01 0.000000000000000000e+00
6.689364478328888031e-02 1.083194733123133702e+01 2.000000000000000000e+00
-3.878208434401709259e-01 -7.477701207376972192e-01 0.000000000000000000e+00
-3.496161426194460131e-01 1.038743507736479055e+00 0.000000000000000000e+00
-4.694179884877838771e-01 4.678528192306197653e+00 1.000000000000000000e+00
-2.505602350029827174e-02 4.088584097151179542e+00 1.000000000000000000e+00
-1.258979030085647377e+00 7.371280035672766573e+00 2.000000000000000000e+00
4.794171313901357534e-01 2.518388942106727590e+00 1.000000000000000000e+00
2.135610831367934503e-01 1.968505840974514587e-01 0.000000000000000000e+00
9.136595324357769943e-02 8.471129309339398006e-01 0.000000000000000000e+00
2.327042158378254677e-01 -1.570685862167109148e+00 0.000000000000000000e+00
-3.450827105292015862e-01 4.146109301511162748e+00 1.000000000000000000e+00
-4.892357692138178393e-01 4.827359035982976998e+00 1.000000000000000000e+00
-7.734517544475769668e-01 3.647744822619215288e+00 1.000000000000000000e+00
-1.063532282566809650e+00 8.090570930542689609e+00 2.000000000000000000e+00
-9.799005546330138428e-01 5.728536011969400515e-02 0.000000000000000000e+00
1.041584547277701223e+00 -4.960081823647639609e-01 0.000000000000000000e+00
7.476656660703483448e-01 9.209965410724990420e+00 2.000000000000000000e+00
4.517394602217217336e-01 3.152116527352946673e-01 0.000000000000000000e+00
1.487247900950773027e-01 8.925648435559410676e-02 0.000000000000000000e+00
-5.239471207964372379e-01 7.262144218857663702e+00 2.000000000000000000e+00
-3.517756227382320411e-01 4.160947198500416278e+00 1.000000000000000000e+00
-1.789613511212714558e-01 3.427112563595656525e+00 1.000000000000000000e+00
-8.105330193341299116e-01 5.441055033611517100e-01 0.000000000000000000e+00
1.261629487306183517e+00 8.566348178108608380e+00 2.000000000000000000e+00
3.499824504216305643e-01 7.752651509546257813e-01 0.000000000000000000e+00
-9.638052248280053469e-01 4.439633072122014745e+00 1.000000000000000000e+00
2.477092829641554528e-01 7.645583569032231352e+00 2.000000000000000000e+00
-1.336207697402041150e+00 9.654240933575938044e+00 2.000000000000000000e+00
9.188668869549231344e-01 -7.901595552752362916e-01 0.000000000000000000e+00
-2.124959871562012381e+00 3.044496225909894882e+00 1.000000000000000000e+00
-5.293803805517128813e-01 8.945145508160201597e-01 0.000000000000000000e+00
1.555564851061341791e-01 8.038635870347889067e+00 2.000000000000000000e+00
-1.062098451852828251e+00 5.025746734982867281e+00 1.000000000000000000e+00
-1.671620293062934248e+00 8.000870185202007434e+00 2.000000000000000000e+00
-2.798881237625615026e-01 4.077917018750590650e+00 1.000000000000000000e+00
1.096580952783730467e+00 -1.545105532123240533e+00 0.000000000000000000e+00
6.247957025450768809e-01 7.939863897700202067e+00 2.000000000000000000e+00
1.455535173520360770e+00 6.855330704041678658e+00 2.000000000000000000e+00
2.787527184088990362e-01 1.389757113802034372e+00 0.000000000000000000e+00
-4.482045646406767614e-01 3.163835050467707077e+00 1.000000000000000000e+00
8.881041841483058308e-01 4.039605925733800618e+00 1.000000000000000000e+00
1.320186919836819905e+00 -4.548936883110742124e-02 0.000000000000000000e+00
3.176207655480846603e-01 5.800505126141956153e-02 0.000000000000000000e+00
-5.153795250896995306e-01 -6.339042311240397076e-01 0.000000000000000000e+00
5.057970786156515963e-01 -5.417939290606131886e-01 0.000000000000000000e+00
2.633376723832240307e-01 -5.157784730897885250e-02 0.000000000000000000e+00
4.663526282291793335e-01 -4.498533983031355321e-01 0.000000000000000000e+00
1.345269578514705078e+00 8.142573269385518842e+00 2.000000000000000000e+00
4.481856192120132754e-01 4.155386343501384694e+00 1.000000000000000000e+00
-7.856264129474666014e-01 3.102486180674183025e+00 1.000000000000000000e+00
-9.544190664344956998e-01 2.351607903475741168e-01 0.000000000000000000e+00
2.504362584300954819e-01 3.298911152714754103e+00 1.000000000000000000e+00
1.078135233258144643e+00 8.261289868019405347e+00 2.000000000000000000e+00
-1.177452543699884363e-01 -1.001402042261393621e+00 0.000000000000000000e+00
-6.683655252810599690e-01 8.507096633553418386e+00 2.000000000000000000e+00
-2.634067084673632486e-01 7.844350270403277037e+00 2.000000000000000000e+00
-8.391001885294756268e-02 6.515578218120106513e+00 2.000000000000000000e+00
-4.803087614542246309e-01 8.269620707773221113e+00 2.000000000000000000e+00
9.606510734866144929e-01 3.107138772127557402e+00 1.000000000000000000e+00
5.691042450734482561e-01 6.636816108486625065e-01 0.000000000000000000e+00
-1.101948747651351868e+00 8.483411048878592098e+00 2.000000000000000000e+00
-2.468014484602009395e-01 8.235530434833504998e+00 2.000000000000000000e+00
-1.175510243864852367e+00 7.254659750753416070e+00 2.000000000000000000e+00
4.939019153708263388e-01 4.128211497116598849e+00 1.000000000000000000e+00
3.095692471596252493e-01 7.981893919839199825e+00 2.000000000000000000e+00
7.608989292804440030e-01 4.571659521360146528e+00 1.000000000000000000e+00
-4.174693426575406541e-01 3.679298481090604422e+00 1.000000000000000000e+00
6.177278075815035435e-02 6.525778291881680460e+00 2.000000000000000000e+00
4.157610615368746987e-01 2.770618086106283684e+00 1.000000000000000000e+00
-8.684094722337217659e-03 7.679701251733904499e+00 2.000000000000000000e+00
-1.667461069577694521e-01 -1.505685516974980820e-01 0.000000000000000000e+00
1.352143322602017195e+00 6.906469705801636216e+00 2.000000000000000000e+00
2.861364858772337816e-01 3.228470349237078540e+00 1.000000000000000000e+00
-9.989637498879361255e-01 -1.320516420299087557e+00 0.000000000000000000e+00
1.001450726038244539e-02 -5.210201964654197493e-01 0.000000000000000000e+00
-1.010823705940247841e+00 1.103054892518526842e+00 0.000000000000000000e+00
1.227467000436375466e+00 5.866162523888611702e+00 1.000000000000000000e+00
1.739717454748866965e+00 9.331188279651136952e+00 2.000000000000000000e+00
1.515004647952103545e+00 3.522789710075854064e+00 1.000000000000000000e+00
8.767809727658890107e-02 3.984625985322784558e+00 1.000000000000000000e+00
-3.365535245037170609e-01 -5.043360290899472353e-01 0.000000000000000000e+00
-9.284985156564139475e-01 7.717378972592287667e+00 2.000000000000000000e+00
-1.407843445379050706e+00 3.853673950285491312e+00 1.000000000000000000e+00
-1.575990664046763856e-01 7.351449952051861914e+00 2.000000000000000000e+00
-3.353464235894986767e-01 9.183807786041241483e-01 0.000000000000000000e+00
6.900073918371569803e-01 4.097063677563574480e+00 1.000000000000000000e+00
4.384849578580696239e-01 2.432056825863157801e-01 0.000000000000000000e+00
9.145124835066734681e-01 4.842597861923230163e+00 1.000000000000000000e+00
9.011921436122186102e-02 4.629023322805644325e-01 0.000000000000000000e+00
6.707843395433114031e-01 5.287249469828414483e+00 1.000000000000000000e+00
1.323567253070981442e+00 7.780145287252474340e+00 2.000000000000000000e+00
-1.393486398335064047e+00 9.271230228396152295e-01 0.000000000000000000e+00
-1.635481592264798945e+00 4.746157169284719757e+00 1.000000000000000000e+00
2.568469298588272470e-02 2.993861386123527701e+00 1.000000000000000000e+00
7.207812337002792447e-01 8.769933969683448183e+00 2.000000000000000000e+00
1.792123175552702730e+00 7.318835539982310401e+00 2.000000000000000000e+00
1.218259022747431253e+00 -4.588173102375565637e-01 0.000000000000000000e+00
3.053410469100732438e-01 3.720595974916593995e+00 1.000000000000000000e+00
9.710829316817012336e-01 9.353047328310484687e+00 2.000000000000000000e+00
-6.614912702571447145e-01 2.190162869076441421e+00 1.000000000000000000e+00
6.593737186868040556e-01 9.098514331952616274e+00 2.000000000000000000e+00
-5.034345981276142634e-01 -9.498449189176021157e-03 0.000000000000000000e+00
6.138498445161166828e-01 3.144538035571422530e+00 1.000000000000000000e+00
-8.373525134135583192e-01 6.069532572995894881e-02 0.000000000000000000e+00
-4.130860516146594441e-01 7.155726183773350790e+00 2.000000000000000000e+00
-5.036321758399945336e-01 7.128657987465207846e+00 2.000000000000000000e+00
7.455602824048138677e-01 7.534564757300059590e+00 2.000000000000000000e+00
-2.469709838908113256e-02 7.415127211246525185e+00 2.000000000000000000e+00
-1.790836623738583100e+00 7.492219397473752096e+00 2.000000000000000000e+00
3.966598091888805522e-01 -1.677814883334352913e+00 0.000000000000000000e+00
2.629094839980805065e-01 -9.842125584280738693e-01 0.000000000000000000e+00
-7.029592553913962538e-01 3.873056323361275588e+00 1.000000000000000000e+00
3.904322528050281349e-01 -8.582560422173570736e-01 0.000000000000000000e+00
9.255054317575925893e-01 4.881920465300459533e+00 1.000000000000000000e+00
3.863052102295242429e-01 -2.086900850739692004e+00 0.000000000000000000e+00
-6.868438868015094290e-01 -3.054390322649743195e-01 0.000000000000000000e+00
1.392916620970879871e+00 8.195792600269633965e+00 2.000000000000000000e+00
1.682729619207965488e+00 9.317336815867863109e+00 2.000000000000000000e+00
8.983731312909383204e-01 1.278445628529305100e+00 0.000000000000000000e+00
-6.385917423981201102e-01 7.506610677602256754e-01 0.000000000000000000e+00
3.138962306771319044e-01 3.848797088903052277e+00 1.000000000000000000e+00
-7.984509116665490513e-02 -2.093247305020384808e+00 0.000000000000000000e+00
1.446114397282699804e-01 3.931938836849576013e+00 1.000000000000000000e+00
3.362029089502263646e-01 3.717611321838572458e+00 1.000000000000000000e+00
-5.168266507222910588e-01 6.912218928091248493e+00 2.000000000000000000e+00
-7.941966156134955268e-01 6.967135118263955817e+00 2.000000000000000000e+00
1.278476406343305616e+00 4.910699340034996752e+00 1.000000000000000000e+00
-1.097395467926004925e-01 3.426276727078047202e+00 1.000000000000000000e+00
1.155509755788869386e+00 6.762354071116796206e+00 2.000000000000000000e+00
2.818930940701316890e-01 7.896732551715701653e+00 2.000000000000000000e+00
9.063422464139722079e-01 8.367763520883646500e-01 0.000000000000000000e+00
1.079869175782238289e+00 8.604784862447518279e+00 2.000000000000000000e+00
-3.132433882464536468e-01 7.693898997736783762e+00 2.000000000000000000e+00
-3.506111359562276708e-01 9.197635099362296174e+00 2.000000000000000000e+00
5.836584593452943948e-02 4.637851964988933817e-01 0.000000000000000000e+00
4.864827330680003836e-01 8.050747036769224929e-02 0.000000000000000000e+00
-1.185221564497306451e-01 4.720955673599275926e+00 1.000000000000000000e+00
-9.099498778626068374e-01 8.626582214220952949e+00 2.000000000000000000e+00
-2.744210228439470933e-01 4.423442756359698969e+00 1.000000000000000000e+00
-1.042449511342486534e+00 4.170362204126123018e+00 1.000000000000000000e+00
-5.443743034502028788e-01 4.899769087004112400e+00 1.000000000000000000e+00
-1.571540654220205113e-01 3.484500004786579730e+00 1.000000000000000000e+00
-4.113557162943600187e-01 3.709210977309687518e+00 1.000000000000000000e+00
3.387119629164311863e-01 8.281307447274102174e-01 0.000000000000000000e+00
3.663886099031227750e-01 -5.667878476579179398e-02 0.000000000000000000e+00
-7.089813364572477017e-01 8.849752053067536650e+00 2.000000000000000000e+00
-8.586414368081667359e-01 5.338898165483351832e+00 1.000000000000000000e+00
-7.788095099595859772e-01 3.251982210653468375e+00 1.000000000000000000e+00
2.104988078419792741e-01 -5.483452781045832641e-02 0.000000000000000000e+00
1.039735698184739210e+00 4.110971885161447958e-01 0.000000000000000000e+00
8.138425075705869594e-01 3.884809796243558822e+00 1.000000000000000000e+00
-8.534319594899576478e-01 7.720028189270450980e+00 2.000000000000000000e+00
-7.246216091677258435e-03 4.524955914757311959e+00 1.000000000000000000e+00
-3.612001527994188749e-02 3.827747401062929100e+00 1.000000000000000000e+00
-2.461748732612439872e-01 4.079697430617426512e+00 1.000000000000000000e+00
2.174309187145791744e-01 3.805474513427483441e+00 1.000000000000000000e+00
6.389909819114082401e-01 6.979339121731612749e+00 2.000000000000000000e+00
8.021100738797072305e-01 4.969064582464345570e+00 1.000000000000000000e+00
-5.833941199705595659e-01 8.368808309431263748e-01 0.000000000000000000e+00
-4.204767110063414304e-01 8.349613079910467306e+00 2.000000000000000000e+00
-8.701275787367070969e-01 1.012580114011294441e+00 0.000000000000000000e+00
7.584052978311812687e-01 -1.107421995390135194e+00 0.000000000000000000e+00
-7.336980040289751148e-01 8.100035336805452957e+00 2.000000000000000000e+00
5.901500955114380442e-01 8.362280082905511946e+00 2.000000000000000000e+00
-4.635479856718086600e-01 8.264801143696731245e+00 2.000000000000000000e+00
-1.340934668399786922e+00 2.713854868796761743e-01 0.000000000000000000e+00
-6.536336511345428590e-01 3.197128118592998280e+00 1.000000000000000000e+00
-3.968794849495750898e-01 4.014140264675026160e+00 1.000000000000000000e+00
-1.784564518141369960e-01 8.664659145661688378e-01 0.000000000000000000e+00
-8.249361762270511489e-02 6.411709077018519845e-03 0.000000000000000000e+00
3.937744770233044811e-01 7.801942607428947518e+00 2.000000000000000000e+00
-1.222750291751758089e+00 4.455540730951790707e+00 1.000000000000000000e+00
1.050345743469730253e-01 7.941466518206791392e+00 2.000000000000000000e+00
-3.760949230421677392e-01 4.020474995421206010e+00 1.000000000000000000e+00
8.425591215164514036e-01 2.289502801830080592e-01 0.000000000000000000e+00
-3.420881663615140122e-01 -7.349176887463504393e-01 0.000000000000000000e+00
5.945658961787895214e-01 6.725005699128669967e+00 2.000000000000000000e+00
6.082137546026668007e-01 7.833315710304440405e-01 0.000000000000000000e+00
2.999517559421163715e-01 7.285382788421722822e+00 2.000000000000000000e+00
1.066885293947383295e-01 3.851291099914105898e-01 0.000000000000000000e+00
2.268615565165560677e-01 5.179760194566914500e+00 1.000000000000000000e+00
-1.464078965433924351e+00 -1.051746859089852659e+00 0.000000000000000000e+00
-3.108181237840016431e-01 3.077196963863365831e+00 1.000000000000000000e+00
3.101078383588384835e-01 3.820339206073390947e+00 1.000000000000000000e+00
6.395280462939647581e-01 2.652007279106800147e-02 0.000000000000000000e+00
8.946453148321259485e-01 7.909170009387104017e+00 2.000000000000000000e+00
1.549337490164125697e+00 -1.103367694374468577e+00 0.000000000000000000e+00
9.467755065505867318e-01 7.575343689293634775e+00 2.000000000000000000e+00
-1.399273289305115742e-01 -7.630940439685890420e-02 0.000000000000000000e+00
1.474438819041819615e+00 4.604656776580304367e+00 1.000000000000000000e+00
-6.942947038306035434e-01 5.398480103592384616e+00 2.000000000000000000e+00
-3.069533618332169200e-01 8.069545347500989507e+00 2.000000000000000000e+00
-2.202174939110390639e-01 8.585054666795267408e+00 2.000000000000000000e+00
-2.812851764123753817e-01 3.589416096491170105e+00 1.000000000000000000e+00
1.016657280157435173e+00 4.062873693864325730e+00 1.000000000000000000e+00
2.458879675977374557e-01 3.847759208126722008e+00 1.000000000000000000e+00
-8.698888910429718180e-02 -1.315942264963144426e-01 0.000000000000000000e+00
1.759843368380385131e+00 4.036891386325912379e+00 1.000000000000000000e+00
-4.244881567657792232e-01 4.507228740505061282e+00 1.000000000000000000e+00
2.400787474555726997e-01 8.886792292549710481e+00 2.000000000000000000e+00
-4.730226016371306130e-01 7.903270666368113595e+00 2.000000000000000000e+00
5.946051494395108161e-01 -4.676480472598437133e-01 0.000000000000000000e+00
-9.382761393011429529e-01 7.337465050423380930e+00 2.000000000000000000e+00
6.516646177544009877e-01 5.628087298987560771e-01 0.000000000000000000e+00
1.882239945337640608e+00 4.193270493736431348e+00 1.000000000000000000e+00
-9.301187485578107372e-01 3.637805042757767282e+00 1.000000000000000000e+00
-4.723964992812726971e-01 6.638955999187895252e+00 2.000000000000000000e+00
-8.647404770190623147e-01 4.597426687129390288e+00 1.000000000000000000e+00
6.066332701992616094e-01 1.342316012404703329e+00 0.000000000000000000e+00
3.230842745000150340e-01 4.677148390290068569e+00 1.000000000000000000e+00
-8.350770772297426703e-01 -5.055751871014078913e-02 0.000000000000000000e+00
-6.226289214863354182e-01 -6.604331998831282080e-01 0.000000000000000000e+00
3.921606328620801107e-02 8.192455774821233661e+00 2.000000000000000000e+00
-1.846271690683376487e-02 -5.813712143768696716e-01 0.000000000000000000e+00
-3.867610460102692826e-01 4.105818828881306892e+00 1.000000000000000000e+00
-2.649470835439678984e-01 8.027277722226804357e+00 2.000000000000000000e+00
3.458730749827630957e-01 -8.819870035809864728e-01 0.000000000000000000e+00
1.239567547921170687e-02 1.328907902069703106e-01 0.000000000000000000e+00
-1.280117552333249975e+00 9.174121178718758429e+00 2.000000000000000000e+00
8.312427629534540063e-01 7.966682203496016967e+00 2.000000000000000000e+00
-8.254643829096909302e-01 8.585427823797106006e-01 0.000000000000000000e+00
3.166031003669462357e-02 4.371114102868666751e-01 0.000000000000000000e+00
-1.555887486725646474e+00 3.536216698865551233e+00 1.000000000000000000e+00
-7.193366851031338660e-01 3.508674692273428430e+00 1.000000000000000000e+00
7.749096365904395434e-01 3.559250880239136272e+00 1.000000000000000000e+00
-5.603687203131282324e-01 1.269340950770809995e+00 0.000000000000000000e+00
-1.051223271257727965e-01 5.564420024867140491e+00 1.000000000000000000e+00
5.948712229877987090e-01 4.552023420699554457e+00 1.000000000000000000e+00
-2.484623774494712223e-01 2.899043588498183555e-01 0.000000000000000000e+00
3.773886100764945462e-01 9.699194118991962821e-01 0.000000000000000000e+00
-2.818556823214355966e-01 7.528078643049196828e+00 2.000000000000000000e+00
-6.637468079165900203e-01 7.466569672310356509e+00 2.000000000000000000e+00
-1.184367214045848993e+00 -6.214709841423043946e-01 0.000000000000000000e+00
6.292375604058786376e-01 6.983265609776679872e-01 0.000000000000000000e+00
-3.350084934862779251e-01 7.432063776885911466e+00 2.000000000000000000e+00
-6.545490550085046877e-01 3.555860664002001403e+00 1.000000000000000000e+00
-1.399342451335996995e-01 -4.261836066438547815e-02 0.000000000000000000e+00
-1.061495893203823621e-01 4.826259403967647188e+00 1.000000000000000000e+00
7.658394273131804431e-01 8.068795790719624605e+00 2.000000000000000000e+00
2.170854591806816447e-01 2.611440781719405191e+00 1.000000000000000000e+00
4.480119712708888757e-01 5.518930240466367820e+00 1.000000000000000000e+00
3.235624386742684266e-01 4.150699083171899950e+00 1.000000000000000000e+00
-1.814222842549259473e+00 8.767379522848152362e+00 2.000000000000000000e+00
-1.679619508880767054e+00 7.454750507250439640e+00 2.000000000000000000e+00
6.190592194813100413e-01 7.931858927856617392e+00 2.000000000000000000e+00
2.529969076560174557e-01 3.428893245975523918e+00 1.000000000000000000e+00
1.646636328032228258e-01 5.224575095537307590e+00 1.000000000000000000e+00
1.230815322738587625e+00 8.024759509091632381e+00 2.000000000000000000e+00
-1.350099351385575241e-01 4.147212923545446017e+00 1.000000000000000000e+00
1.178009253134024714e+00 4.531919874748316701e+00 1.000000000000000000e+00
3.797134018913497222e-01 2.520061494232992416e+00 1.000000000000000000e+00
4.639043480897199201e-01 -3.323789480254782935e-01 0.000000000000000000e+00
6.492094111856604177e-02 7.015470830450584394e+00 2.000000000000000000e+00
-7.793867415261772624e-01 5.497674237893087623e-01 0.000000000000000000e+00
1.295048295677559969e+00 7.696538433873143070e+00 2.000000000000000000e+00
1.466417125448128966e-01 4.675900225694738843e+00 1.000000000000000000e+00
1.639181554899871163e+00 -1.047372251616103256e+00 0.000000000000000000e+00
-5.252988786909409402e-01 -1.525458367234188151e-01 0.000000000000000000e+00
-7.686372887817001232e-01 7.119145567112156847e+00 2.000000000000000000e+00
2.763049936078239566e-01 9.404504788699052042e+00 2.000000000000000000e+00
-7.257770863300855302e-01 9.776417612141935720e+00 2.000000000000000000e+00
-1.530838384686282749e+00 3.075456354722510444e+00 1.000000000000000000e+00
2.091933919799995600e-01 3.794882978643513205e+00 1.000000000000000000e+00
-3.736601727233085923e-01 -2.332387337271381589e-01 0.000000000000000000e+00
-3.183695929281955550e-01 -5.486482362977500582e-01 0.000000000000000000e+00
4.184825572449825115e-01 7.903831875153184860e+00 2.000000000000000000e+00
1.073510491126558275e+00 7.742276504967064987e+00 2.000000000000000000e+00
4.675216324335245144e-01 -3.262175122164208130e-01 0.000000000000000000e+00
1.495046100565889047e+00 7.573070896468870217e+00 2.000000000000000000e+00
-2.006966959545626594e-01 3.889032782492750417e+00 1.000000000000000000e+00
3.892940501486233384e-01 2.823322409846185987e+00 1.000000000000000000e+00
1.049914248317957766e+00 7.176182707798905547e+00 2.000000000000000000e+00
4.634891504402510742e-01 -1.381322442403090101e-01 0.000000000000000000e+00
-1.316944230174638797e+00 5.360921981143615955e-01 0.000000000000000000e+00
-6.495336721238575972e-01 8.203711253189474917e+00 2.000000000000000000e+00
-1.176369907594575909e-01 8.219392369103807994e+00 2.000000000000000000e+00
4.957652156990196568e-01 1.344118656731675188e+00 0.000000000000000000e+00
3.545464718548033689e-01 4.494106702668074327e+00 1.000000000000000000e+00
1.093029375019810345e+00 4.178132308513985649e+00 1.000000000000000000e+00
4.096166566455801128e-01 8.062681264598746012e+00 2.000000000000000000e+00
-9.034842884138058472e-02 -9.248405515848199254e-01 0.000000000000000000e+00
8.418264526498978606e-01 3.834819563354738392e+00 1.000000000000000000e+00
1.420326322920616890e+00 3.643636583538829576e+00 1.000000000000000000e+00
-1.034933313114872577e+00 3.809581031058237865e+00 1.000000000000000000e+00
3.863168220000906539e-01 2.901214617761055159e+00 1.000000000000000000e+00
7.841168538607724559e-01 3.505085739705602332e+00 1.000000000000000000e+00
-2.121476637261333620e-01 -1.997451632390400689e-01 0.000000000000000000e+00
1.036808413477099178e+00 8.609752414900164297e+00 2.000000000000000000e+00
-6.066353973540964395e-01 4.180795896435250958e-01 0.000000000000000000e+00
8.194204439590793698e-02 4.415802694881571178e+00 1.000000000000000000e+00
3.832033308690668827e-01 1.282996379003351617e+00 0.000000000000000000e+00
7.892688289464514506e-01 7.932704733787347529e+00 2.000000000000000000e+00
-1.029837990185066721e+00 2.363695440317188368e-01 0.000000000000000000e+00
1.820020808113459454e-01 1.513726341555030330e-01 0.000000000000000000e+00
7.373718869393589559e-01 8.783146171142538705e+00 2.000000000000000000e+00
-2.495596922660726913e-01 4.504776369777011347e+00 1.000000000000000000e+00
-6.248971025576061100e-01 7.700817117016875102e+00 2.000000000000000000e+00
-1.438766642712112076e-01 -6.657217230636272021e-01 0.000000000000000000e+00
7.870435899301371219e-01 7.370407354106792042e+00 2.000000000000000000e+00
5.380481995473984647e-01 7.809025014944065646e+00 2.000000000000000000e+00
-7.140465755296941941e-01 -3.886091642990661121e-01 0.000000000000000000e+00
1.893981223160476901e-01 3.212951630180433504e+00 1.000000000000000000e+00
-2.009160597195119302e-01 3.977666000536395075e-01 0.000000000000000000e+00
-2.578902566783066730e-01 3.269764262568520402e-02 0.000000000000000000e+00
1.349794975781960948e+00 8.352323293168698370e+00 2.000000000000000000e+00
3.123248508565586445e-01 7.554749436429122333e+00 2.000000000000000000e+00
8.242472495603844207e-01 -6.762258678569984527e-01 0.000000000000000000e+00
9.269286514241054098e-01 3.495127595531662301e+00 1.000000000000000000e+00
9.822794292619900780e-01 -8.662369761970232229e-01 0.000000000000000000e+00
2.801273434911132898e-01 4.669049640512172417e+00 1.000000000000000000e+00
1.084826149702371678e+00 7.984937533481411442e+00 2.000000000000000000e+00
-6.663709525234277065e-01 9.017575550171891052e+00 2.000000000000000000e+00
-5.169511417925679586e-01 8.636998733888576751e+00 2.000000000000000000e+00
-1.109752305221850754e+00 4.890446216691691106e+00 1.000000000000000000e+00
2.542684104150293445e-01 8.920278733628217438e+00 2.000000000000000000e+00
1.785582680881450113e-01 7.320658779040479125e+00 2.000000000000000000e+00
-3.184401771612146992e-01 6.560892790993039014e+00 2.000000000000000000e+00
-9.216766913898613578e-02 -7.018270756943015831e-01 0.000000000000000000e+00
1.524792528573518879e+00 8.760741053715962678e+00 2.000000000000000000e+00
5.337734622568516274e-01 3.128573709428890126e+00 1.000000000000000000e+00
-1.887556557235682830e-01 2.870363802932729413e-01 0.000000000000000000e+00
-1.089411240082854171e+00 4.564975039854182626e+00 1.000000000000000000e+00
1.538380082143083305e+00 4.392465001292868432e-01 0.000000000000000000e+00
4.296700640741343280e-01 8.048156804269472886e+00 2.000000000000000000e+00
-5.124960545026366887e-01 7.739102554703418235e+00 2.000000000000000000e+00
2.850550192384282075e-02 5.598623021359363072e+00 1.000000000000000000e+00
-3.780991813539226198e-01 6.719017653313304805e+00 2.000000000000000000e+00
3.530997624905788945e-01 4.886192255198100298e+00 1.000000000000000000e+00
6.422852832723164873e-01 3.777920351851368430e+00 1.000000000000000000e+00
8.155212798307905908e-01 8.859187698361143504e+00 2.000000000000000000e+00
-1.492486378527932978e-01 1.399853531364093850e+00 0.000000000000000000e+00
5.259551545744139966e-01 3.976141286191935631e+00 1.000000000000000000e+00
-1.152942189194716027e+00 3.878338184874208672e+00 1.000000000000000000e+00
1.192492379110639877e+00 5.837665400458400988e+00 2.000000000000000000e+00
9.809338745731719378e-01 6.087296505907890065e+00 2.000000000000000000e+00
-6.338102055347234753e-02 -2.230214120801277122e-01 0.000000000000000000e+00
-4.954160793650325689e-01 7.464875491728698798e+00 2.000000000000000000e+00
-1.397494340727056583e+00 3.754119141664972847e+00 1.000000000000000000e+00
-3.615677579421861521e-01 7.982878559181300737e+00 2.000000000000000000e+00
-5.807759147410894440e-02 7.498842115905471672e+00 2.000000000000000000e+00
1.309826316920979394e+00 -5.813027153050761564e-01 0.000000000000000000e+00
1.761005036102948118e+00 7.977754378841500404e+00 2.000000000000000000e+00
-6.991483437260124223e-01 8.647546334094583287e+00 2.000000000000000000e+00
-4.665632620581997569e-01 2.184884999006015960e+00 1.000000000000000000e+00
-9.240693821539164299e-03 3.440480718699773011e+00 1.000000000000000000e+00
2.615349520484162138e+00 3.527322552327864624e+00 1.000000000000000000e+00
-6.285136197272198633e-01 7.208386246111678552e+00 2.000000000000000000e+00
1.212125520103362053e+00 3.095395419160904993e+00 1.000000000000000000e+00
9.019779722392976540e-01 7.384364972784036141e+00 2.000000000000000000e+00
3.200349197927622735e-01 9.212327358940276767e+00 2.000000000000000000e+00
-6.810535789041499699e-01 4.479389902344090402e+00 1.000000000000000000e+00
6.399616393677998172e-01 -1.047837978308043538e-01 0.000000000000000000e+00
2.800774395944146677e-01 8.241668178686470725e+00 2.000000000000000000e+00
-3.565296563534865459e-01 3.582076363631679361e-01 0.000000000000000000e+00
1.639712746991431672e-02 -3.515053622084184926e-01 0.000000000000000000e+00
-7.477648466472618383e-01 -8.009549008441882445e-02 0.000000000000000000e+00
3.915994151837070558e-01 4.186899500729932555e+00 1.000000000000000000e+00
-1.690399007529929110e-01 4.804232899302884441e+00 1.000000000000000000e+00
5.903178476717927392e-01 9.345497659616309960e+00 2.000000000000000000e+00
-2.448746235586381770e-01 -1.007006842033076888e+00 0.000000000000000000e+00
-1.500567844083934288e-01 4.183754561929846183e+00 1.000000000000000000e+00
-2.880022996811661962e-01 8.197211882145117201e+00 2.000000000000000000e+00
-5.596414194111165585e-01 4.890763772834657352e+00 1.000000000000000000e+00
-1.488253490885619534e+00 8.222501548618060596e+00 2.000000000000000000e+00
-8.307843767134143187e-01 -1.328873843260669485e-02 0.000000000000000000e+00
2.623277084963054340e-01 2.399374916302999594e+00 1.000000000000000000e+00
-9.198481909612892249e-01 6.925883803536830641e+00 2.000000000000000000e+00
2.747490109050436669e-01 -7.834420364308436469e-01 0.000000000000000000e+00
7.905848138964373384e-02 4.253044093851787721e+00 1.000000000000000000e+00
-4.093306259869258223e-01 -1.491283971666725605e-01 0.000000000000000000e+00
9.796545488515864264e-01 -4.534522268732819605e-01 0.000000000000000000e+00
-7.165689467802669466e-01 4.394328233269617634e-01 0.000000000000000000e+00
-1.203127149975270704e+00 8.784889995295955600e+00 2.000000000000000000e+00
1.145750714923411129e-01 7.006616386522495077e+00 2.000000000000000000e+00
4.840969422141156997e-01 3.725174949654002532e+00 1.000000000000000000e+00
5.362709052598155779e-01 5.388054509865610520e+00 1.000000000000000000e+00
-6.752787494825704950e-01 3.264331798520990091e+00 1.000000000000000000e+00
7.364288764279715016e-01 5.427365654405063466e+00 1.000000000000000000e+00
1.016811260995064803e+00 3.908300233236064347e+00 1.000000000000000000e+00
-1.859715679454145287e-01 7.754902877490293278e+00 2.000000000000000000e+00
7.960327129174413763e-01 1.000005296089322471e+01 2.000000000000000000e+00
5.349496516478595698e-01 5.124193224170284111e+00 1.000000000000000000e+00
2.810433660692773783e-02 8.006896309274923240e+00 2.000000000000000000e+00
-8.168652208670504900e-01 3.271923795883862507e+00 1.000000000000000000e+00
1.499363496093625014e-01 8.125708721038096272e+00 2.000000000000000000e+00
7.575953830010433432e-01 6.900134499358223650e-01 0.000000000000000000e+00
1.268338341378073109e+00 9.300021342836284788e+00 2.000000000000000000e+00
-3.462672426780917800e-01 6.988492281977233489e+00 2.000000000000000000e+00
-5.754823697488010703e-01 5.059280302170028332e-01 0.000000000000000000e+00
3.890157711720100830e-01 9.089344778003752623e+00 2.000000000000000000e+00
-1.321964455264934835e-01 8.595881101998640972e+00 2.000000000000000000e+00
-5.142059948120013546e-01 7.570702152612226676e+00 2.000000000000000000e+00
-5.950844275177975540e-01 5.458007341976639282e+00 1.000000000000000000e+00
1.743709193840534133e-01 5.119135551483637858e-01 0.000000000000000000e+00
-1.174303612991929091e+00 7.603668502287791453e-01 0.000000000000000000e+00
-1.782518103547225952e+00 8.335490910712543666e+00 2.000000000000000000e+00
1.379445867592291042e-01 3.957881591971064594e+00 1.000000000000000000e+00
-8.363914449059030309e-02 7.725926189486403750e+00 2.000000000000000000e+00
9.628274261695826675e-02 1.320311387681491810e+00 0.000000000000000000e+00
-3.553850349986214519e-01 8.779034901589414019e+00 2.000000000000000000e+00
1.212712199142975233e+00 3.770556614999281964e-01 0.000000000000000000e+00
-1.226091476818712334e+00 3.517701823976078668e+00 1.000000000000000000e+00
2.020294064814464274e+00 3.634509511802038073e+00 1.000000000000000000e+00
7.035846029779567468e-02 8.175996647253064964e+00 2.000000000000000000e+00
-2.296530094712788683e-01 6.209809819554346078e-01 0.000000000000000000e+00
4.774375570609731279e-01 1.056940042023006177e+00 0.000000000000000000e+00
8.680114269109570069e-01 3.031710275332187177e+00 1.000000000000000000e+00
-1.289545855964642218e+00 4.284074706156905388e-02 0.000000000000000000e+00
-1.593570551725360940e-02 8.222252898564009982e+00 2.000000000000000000e+00
2.420232152995583086e-01 4.053575227301374539e+00 1.000000000000000000e+00
-3.384288758991244594e-01 7.625724622103525085e+00 2.000000000000000000e+00
7.156881539344327192e-02 6.910875514946335230e-01 0.000000000000000000e+00
4.748907792247754056e-01 4.247615147830070548e+00 1.000000000000000000e+00
7.262977930302595697e-02 7.388047809010405587e+00 2.000000000000000000e+00
1.857812832972120243e-01 8.441928236230101135e+00 2.000000000000000000e+00
-3.169432543485729004e-01 2.836942052316433482e+00 1.000000000000000000e+00
-1.468225011360587973e-01 3.720247308121142460e+00 1.000000000000000000e+00
3.451485812227188532e-01 8.601790535869314525e+00 2.000000000000000000e+00
-1.895516451296892502e-01 3.326158778489332501e+00 1.000000000000000000e+00
-8.994510242513895637e-01 6.475089881580161633e-01 0.000000000000000000e+00
1.403518846408038145e+00 8.121772009689115279e+00 2.000000000000000000e+00
-8.379827614764583377e-01 1.758117733628191126e-01 0.000000000000000000e+00
-1.677137097899833895e+00 7.630134634109412950e+00 2.000000000000000000e+00
-9.276400324060480873e-01 6.568791957369746193e-01 0.000000000000000000e+00
-9.485213002164422091e-01 8.351138628179105794e+00 2.000000000000000000e+00
7.620986744777712429e-01 5.975539157476704943e+00 2.000000000000000000e+00
2.062269396655179721e-01 3.537714658440592075e+00 1.000000000000000000e+00
-9.573656349422856593e-01 9.256554788990587923e+00 2.000000000000000000e+00
6.412952142047787518e-01 4.614620069684719716e+00 1.000000000000000000e+00
1.431866135005995244e-01 1.575191352359131658e+00 0.000000000000000000e+00
-4.450078156818142450e-01 3.827306975589419569e-01 0.000000000000000000e+00
6.756840185217263262e-01 2.929947487632230452e+00 1.000000000000000000e+00
-2.237636899742156960e-01 9.536903299063114403e+00 2.000000000000000000e+00
-1.527900919260596346e+00 -1.456941886107341766e+00 0.000000000000000000e+00
-1.359726157851272488e+00 6.875296840437762569e+00 2.000000000000000000e+00
3.786663141963204082e-01 4.086088211575530593e+00 1.000000000000000000e+00
8.317613790009664720e-01 5.511773612202328643e+00 2.000000000000000000e+00
4.942873470751576459e-01 -1.220578755462192966e+00 0.000000000000000000e+00
-2.370187212398290610e-01 4.635871534641649916e+00 1.000000000000000000e+00
-1.717559524077035382e+00 4.474283787936598422e+00 1.000000000000000000e+00
1.097838820969088802e+00 3.536336059354789896e+00 1.000000000000000000e+00
-6.167091715781704009e-01 7.515988637249598980e+00 2.000000000000000000e+00
-2.077780627313187412e-01 6.905646040584150214e+00 2.000000000000000000e+00
1.603371050579611712e+00 -5.891504976901766888e-01 0.000000000000000000e+00
-7.569950842365267274e-01 2.851569487440391182e+00 1.000000000000000000e+00
-4.862794787821635989e-01 8.363193466113685304e+00 2.000000000000000000e+00
1.169104155464894435e+00 8.205202231907113286e-02 0.000000000000000000e+00
-4.830554410916132468e-01 9.227716792587788319e+00 2.000000000000000000e+00
8.652171945746069959e-01 4.908154939332593614e+00 1.000000000000000000e+00
3.331150275468297561e-01 3.894279255353624070e+00 1.000000000000000000e+00
-3.391609938207348907e-01 3.529099772781062239e+00 1.000000000000000000e+00
-9.619628690045060881e-02 3.463829385461362431e+00 1.000000000000000000e+00
-2.048523123792118095e-01 9.157063759185653851e+00 2.000000000000000000e+00
-6.227549635979446885e-01 4.963681241918585840e+00 1.000000000000000000e+00
2.529157037313439216e-01 7.560490748068224853e-01 0.000000000000000000e+00
-3.127364752492117761e-01 4.697795812163005458e+00 1.000000000000000000e+00
-2.579255319077943254e-01 -7.501268924043869024e-01 0.000000000000000000e+00
-9.459100785120919674e-01 3.764462713675599037e+00 1.000000000000000000e+00
-3.449571231305153529e-01 4.832652495227417466e-01 0.000000000000000000e+00
-2.902163194953833597e-02 -1.211829266027470986e+00 0.000000000000000000e+00
-2.995190969056208963e-01 6.818544703427151354e+00 2.000000000000000000e+00
6.532273518991817962e-01 -3.813428507065505513e-01 0.000000000000000000e+00
-2.695642548899497282e-01 1.033252233009921106e+01 2.000000000000000000e+00
-2.097999177168934803e+00 3.664187463613600926e+00 1.000000000000000000e+00
-9.520033200799001005e-02 3.794808534884898332e+00 1.000000000000000000e+00
-2.167480072573619299e-01 -2.938621798560362985e-01 0.000000000000000000e+00
-1.332241469876632445e-01 -1.132842281315676658e+00 0.000000000000000000e+00
-3.961288141975917720e-01 -8.047264666171278780e-01 0.000000000000000000e+00
-1.238040949368075072e+00 -6.679166881222863283e-01 0.000000000000000000e+00
-1.783279982546133458e-01 8.687785020611583420e+00 2.000000000000000000e+00
-1.566632420985681340e-01 4.237793535757338859e+00 1.000000000000000000e+00
6.306461686058277838e-01 -7.716541318015320006e-02 0.000000000000000000e+00
-1.459726597109318458e-01 6.133342355764876963e+00 2.000000000000000000e+00
-6.106829673293387994e-01 5.494289760622238283e+00 1.000000000000000000e+00
2.120067841863151892e-01 -6.195730738854900999e-01 0.000000000000000000e+00
-1.715743716526218210e-01 1.210021030922336482e+00 0.000000000000000000e+00
-5.441978393508206668e-01 -6.508265082176927230e-01 0.000000000000000000e+00
4.132410126837487985e-01 3.624264687405401197e+00 1.000000000000000000e+00
1.284957066984252938e+00 4.677951852302013158e+00 1.000000000000000000e+00
-2.288042091988867592e-03 3.952253636955096461e+00 1.000000000000000000e+00
4.776568653254697483e-01 3.419384418139053583e+00 1.000000000000000000e+00
-4.508676004870376119e-01 4.170551325580389435e-01 0.000000000000000000e+00
4.821331119633417983e-01 4.586596572447013465e+00 1.000000000000000000e+00
-1.000704351220724542e+00 8.639771143444416879e+00 2.000000000000000000e+00
-4.650006329610969491e-01 5.235240255541642185e-01 0.000000000000000000e+00
-5.864337620151005570e-01 -3.281317371214357292e-01 0.000000000000000000e+00
-1.007548098096898714e+00 2.944585273975993012e+00 1.000000000000000000e+00
7.937736011104555844e-01 4.308963742510392159e+00 1.000000000000000000e+00
-1.154094934308482312e+00 -3.359213885370889718e-01 0.000000000000000000e+00
3.433391295834227752e-01 3.458603677965112588e+00 1.000000000000000000e+00
-7.448361875656200892e-01 8.479745158674200312e+00 2.000000000000000000e+00
8.753063744999730611e-01 -2.975152506786159223e-02 0.000000000000000000e+00
5.339183205473087973e-02 8.459524125642310821e+00 2.000000000000000000e+00
4.658120256292562766e-01 7.170912780935223552e-01 0.000000000000000000e+00
-9.148082977342745226e-01 1.837026486796047964e+00 0.000000000000000000e+00
-6.415516448351560319e-01 8.647025362863344000e+00 2.000000000000000000e+00
-1.441613147325541688e-01 3.825939739841685672e+00 1.000000000000000000e+00
-1.122808313471258757e+00 7.713716791982942134e+00 2.000000000000000000e+00
-3.006586438416949947e-01 6.180042138378056826e-01 0.000000000000000000e+00
-1.574522721617575838e-01 4.005818824668620159e+00 1.000000000000000000e+00
1.560889702557063108e-01 9.009747207356440413e+00 2.000000000000000000e+00
3.977298299300269235e-01 3.789734208768241963e+00 1.000000000000000000e+00
1.788548082791378890e+00 8.617069746703711175e+00 2.000000000000000000e+00
-7.279045085149908612e-02 3.812673228452744478e+00 1.000000000000000000e+00
1.428494031255735930e+00 8.332925239203784473e-01 0.000000000000000000e+00
4.235260718808743219e-01 8.713213905406112403e+00 2.000000000000000000e+00
-1.374577457099015673e-02 4.575979482235989160e+00 1.000000000000000000e+00
-5.245735263315600694e-01 8.207465591688741569e+00 2.000000000000000000e+00
7.249044376717930227e-01 5.347867877274519177e-01 0.000000000000000000e+00
1.643024796727300174e+00 -1.422270692168319250e+00 0.000000000000000000e+00
1.509672646388904527e+00 6.824246157883536057e+00 2.000000000000000000e+00
2.435877692361709534e-01 6.297380650762573140e+00 1.000000000000000000e+00
-2.988700434829302255e-01 3.200842093448796444e+00 1.000000000000000000e+00
7.288322065781287495e-01 3.640122062145089377e+00 1.000000000000000000e+00
-8.829878405667659358e-01 7.906130209441156964e+00 2.000000000000000000e+00
3.384630120301281853e-01 -1.263044989401177931e+00 0.000000000000000000e+00
-2.095463207727181310e+00 7.265781753985145031e+00 2.000000000000000000e+00
5.889201897260161189e-01 -4.986508252254099327e-01 0.000000000000000000e+00
1.255539257500685180e+00 8.167019069454033442e+00 2.000000000000000000e+00
-3.171427210430815546e-01 6.484830489321555258e-02 0.000000000000000000e+00
1.724351310577798835e-01 6.544363333479657818e+00 2.000000000000000000e+00
1.285149480815834799e+00 3.683591293357388885e+00 1.000000000000000000e+00
8.601752822996122649e-01 -3.727693436900687829e-02 0.000000000000000000e+00
5.031568390430992688e-01 3.633292960708356389e+00 1.000000000000000000e+00
5.962695708186335208e-01 -2.808287391324154614e-01 0.000000000000000000e+00
-3.087293723913618892e-01 9.588960621312914157e-01 0.000000000000000000e+00
-2.094813750109905115e+00 1.453146610212059819e+00 0.000000000000000000e+00
1.573106497141942284e-01 4.734518113279372109e+00 1.000000000000000000e+00
-3.671208772406310827e-01 6.996576406369735324e+00 2.000000000000000000e+00
7.946343051408482072e-01 6.380463068942405336e+00 2.000000000000000000e+00
-7.854693591102768213e-01 7.062442691412901041e+00 2.000000000000000000e+00
3.354121389959676125e-01 4.038650812749033925e+00 1.000000000000000000e+00
5.830644039366470466e-01 -8.907837907731695759e-02 0.000000000000000000e+00
2.475422886332038219e-01 7.535134848776873007e+00 2.000000000000000000e+00
6.610787769773814881e-01 8.326560204687321942e+00 2.000000000000000000e+00
-1.565415755973264877e+00 4.678264705870766704e+00 1.000000000000000000e+00
-1.216211677842024885e+00 2.782083181024682439e+00 1.000000000000000000e+00
-1.812148249678729450e-01 3.613326134249450483e+00 1.000000000000000000e+00
-2.985566935056604976e-01 5.415861501030637903e+00 1.000000000000000000e+00
8.410632811767480010e-01 3.066754034526208428e-01 0.000000000000000000e+00
-8.608046756955411993e-01 8.428149731411885170e+00 2.000000000000000000e+00
-3.381414539052479129e-01 3.626260479674966231e+00 1.000000000000000000e+00
5.850203515039720248e-01 -4.720812030403350179e-01 0.000000000000000000e+00
-9.264674379455539732e-02 8.663401352091890217e+00 2.000000000000000000e+00
-1.335112293578230025e+00 9.535791209378928102e+00 2.000000000000000000e+00
-6.563919555510281389e-01 7.414206647080731294e+00 2.000000000000000000e+00
5.322509388310769918e-01 9.057767009823688653e+00 2.000000000000000000e+00
1.041451258993303930e-01 3.556451174257502679e+00 1.000000000000000000e+00
-4.995937093619163827e-01 3.586481077273085294e+00 1.000000000000000000e+00
-6.274204707789961255e-02 7.730335485059675271e+00 2.000000000000000000e+00
-3.738115848867952229e-01 7.388705242349754343e+00 2.000000000000000000e+00
3.383422040509489470e-01 -5.211906758889293112e-01 0.000000000000000000e+00
8.017287166509470264e-01 3.027857326712944663e-02 0.000000000000000000e+00
6.330172418521190503e-01 6.778459939093779418e+00 2.000000000000000000e+00
4.305500844091855739e-01 3.624061940991779363e+00 1.000000000000000000e+00
5.354032249665414689e-01 7.516678908416767335e+00 2.000000000000000000e+00
-5.763207961911297472e-01 6.078541073997720368e+00 2.000000000000000000e+00
4.765301770116630031e-01 8.231189053465424621e+00 2.000000000000000000e+00
-1.091015451357356003e+00 8.497361976887059853e+00 2.000000000000000000e+00
9.561837770619389110e-01 7.046464776022783205e+00 2.000000000000000000e+00
1.181600931429285684e+00 9.049559235266760870e-01 0.000000000000000000e+00
-7.299116521267917657e-01 3.856343929989060726e+00 1.000000000000000000e+00
-1.375501479900179402e-01 8.257501520013612595e-01 0.000000000000000000e+00
5.226448183923395607e-01 6.603850397198431921e+00 2.000000000000000000e+00
-8.409528039831623003e-01 3.939615001869236188e+00 1.000000000000000000e+00
1.667281501316727685e-02 4.337568757461685465e+00 1.000000000000000000e+00
4.556264684963005906e-02 1.583435662557875490e-01 0.000000000000000000e+00
-7.900853438065659484e-02 4.726467530136832518e-01 0.000000000000000000e+00
-8.283526981298723613e-02 -4.630215477842706817e-01 0.000000000000000000e+00
6.120327632430456744e-01 -4.593052298466178129e-01 0.000000000000000000e+00
-1.774610603043265344e+00 8.112448329430474558e+00 2.000000000000000000e+00
-1.844492821505567537e-01 7.116111598680971539e+00 2.000000000000000000e+00
-1.566706750310835894e-01 4.399673933866482534e-01 0.000000000000000000e+00
-8.211838843057813753e-01 1.270368247940010797e-01 0.000000000000000000e+00
-6.401132297767899715e-01 7.170382291886321369e+00 2.000000000000000000e+00
9.591284593810611714e-01 2.471713740562646144e+00 1.000000000000000000e+00
-1.462930056569258785e-01 6.040450681741361683e-01 0.000000000000000000e+00
5.130009961364647708e-01 -2.650574871502607843e-01 0.000000000000000000e+00
-6.931488883264941281e-01 3.985037089281488143e+00 1.000000000000000000e+00
-2.159264327870046518e+00 6.502850152757007507e+00 2.000000000000000000e+00
-1.135928508829844308e+00 7.656338775604031532e+00 2.000000000000000000e+00
5.185977863533389742e-01 4.786635048582208896e+00 1.000000000000000000e+00
-4.856878097356687740e-01 3.989522925720346169e+00 1.000000000000000000e+00
-2.938369215712251237e-02 -1.715656284151594047e-01 0.000000000000000000e+00
1.799147606735895799e-01 7.737802157790305557e+00 2.000000000000000000e+00
-3.174803138494318444e-02 7.601750338548422192e+00 2.000000000000000000e+00
1.176402172685479419e+00 9.203129127820806943e+00 2.000000000000000000e+00
7.919782607450829293e-01 4.278434182602070202e+00 1.000000000000000000e+00
7.198776665286733545e-01 8.255834641808652563e+00 2.000000000000000000e+00
6.490557219935089162e-01 -1.726154022660212117e+00 0.000000000000000000e+00
2.473557914646147271e-01 6.468270826665144746e+00 2.000000000000000000e+00
-1.457492554251264671e+00 2.643707732769997598e-01 0.000000000000000000e+00
4.067850670083673070e-01 3.797301440250871352e+00 1.000000000000000000e+00
9.985928344406937995e-01 -2.154808976070141657e-01 0.000000000000000000e+00
1.360054649246376313e+00 9.203487898882174889e+00 2.000000000000000000e+00
5.985478464742073346e-01 -7.644902944770003150e-02 0.000000000000000000e+00
4.000376650846111937e-01 3.744824540896744658e+00 1.000000000000000000e+00
-3.620276738174786346e-01 5.343068270232411265e+00 1.000000000000000000e+00
6.756419619483088335e-01 -5.127958943807497949e-01 0.000000000000000000e+00
5.200246692452883401e-01 -5.685504964171741449e-01 0.000000000000000000e+00
-1.492522721137717223e+00 4.070661679987662929e+00 1.000000000000000000e+00
7.480943667946449160e-02 4.063591403540628200e+00 1.000000000000000000e+00
-7.699962387072115666e-01 4.135416241581977737e+00 1.000000000000000000e+00
-3.316719596348796095e-01 2.426455152010740801e-01 0.000000000000000000e+00
2.793426386335818856e-01 -1.113673522945452521e-01 0.000000000000000000e+00
8.837751967878648349e-03 8.448902368959730680e+00 2.000000000000000000e+00
1.264449309972278668e-01 3.905381894192360370e+00 1.000000000000000000e+00
4.512081466909456107e-01 4.360633322593921335e+00 1.000000000000000000e+00
1.171978877025624532e-01 -1.426657688136461211e-01 0.000000000000000000e+00
-2.056965115720029991e-01 4.679819926663213892e+00 1.000000000000000000e+00
2.421969719798119092e-01 7.701841815058509511e+00 2.000000000000000000e+00
9.435171203218430808e-03 9.180519558220176179e+00 2.000000000000000000e+00
-1.668105213974314383e-01 1.102620257869305176e+00 0.000000000000000000e+00
7.800668648655714188e-01 -6.888300287250195275e-01 0.000000000000000000e+00
-1.404870733226476265e+00 6.904613385412171622e-01 0.000000000000000000e+00
6.926157337986269535e-01 7.459116233104264637e+00 2.000000000000000000e+00
-1.996638795027165514e-01 2.446091002001891945e-02 0.000000000000000000e+00
7.387137537894081785e-01 8.034393208844181622e-01 0.000000000000000000e+00
-2.113424019949541321e-01 3.896305444298973075e+00 1.000000000000000000e+00
1.196145447759126845e-01 9.664950528180799694e+00 2.000000000000000000e+00
-2.811035154769895295e-01 -5.624772129567496837e-01 0.000000000000000000e+00
-1.042289276379819274e+00 6.907494395826237366e+00 2.000000000000000000e+00
1.347452872902705989e+00 8.213462557807618580e+00 2.000000000000000000e+00
2.594733488246633302e-01 3.769594088404072174e+00 1.000000000000000000e+00
-2.815424435399727643e-01 4.411590949602270939e+00 1.000000000000000000e+00
-3.111351759661765692e-01 3.389595279909173309e-01 0.000000000000000000e+00
-2.266601475578067845e-03 9.101491595367871668e+00 2.000000000000000000e+00
1.540968076888586946e+00 4.005715259876094225e-02 0.000000000000000000e+00
3.376166345753842113e-01 1.324001325389303707e+00 0.000000000000000000e+00
-1.810127250880340766e+00 -1.333174781854490565e+00 0.000000000000000000e+00
-2.093232911574677002e-01 1.217136814465500816e+00 0.000000000000000000e+00
4.437048365234094044e-02 7.620844987632795942e+00 2.000000000000000000e+00
-5.218868674713950107e-01 7.826876267465292081e+00 2.000000000000000000e+00
-7.488410352024811312e-01 3.445324113925276155e+00 1.000000000000000000e+00
-1.228087194756256384e+00 2.968952028028472689e+00 0.000000000000000000e+00
-1.294714302608303558e-01 8.904899721981315963e+00 2.000000000000000000e+00
1.255640897559999525e+00 3.294839799889438314e+00 1.000000000000000000e+00
1.055655000180921510e+00 9.682618478304408360e-02 0.000000000000000000e+00
-5.029967147167728747e-01 2.831728397406895748e-01 0.000000000000000000e+00
5.340844705774101531e-01 9.144131115001361110e+00 2.000000000000000000e+00
-1.206734773915847103e-01 2.084399546290398142e+00 1.000000000000000000e+00
-6.422435390737376570e-01 3.425182792823483702e+00 1.000000000000000000e+00
1.086655422093370627e+00 3.876486444219619631e+00 1.000000000000000000e+00
8.507426863347196389e-02 4.023166374939478374e+00 1.000000000000000000e+00
6.013957739035085126e-01 3.492547381810915536e-02 0.000000000000000000e+00
-1.183075351385469709e+00 8.517197702425495009e+00 2.000000000000000000e+00
8.324994667045240160e-01 8.092377467184634909e+00 2.000000000000000000e+00
8.710799862557951911e-01 -2.064703970098350286e-02 0.000000000000000000e+00
-1.612957861258360603e+00 4.381058373856292043e+00 1.000000000000000000e+00
-1.980503141719550220e+00 4.641517199300126961e+00 1.000000000000000000e+00
3.620780889155197912e-01 3.837514406764657160e+00 1.000000000000000000e+00
-4.467509106827177723e-01 -2.318409889813966007e-01 0.000000000000000000e+00
6.535418222270004129e-01 4.651885749780132251e+00 1.000000000000000000e+00
4.220708224642697459e-01 1.805528191782991843e-01 0.000000000000000000e+00
-1.688749686798654892e+00 3.708969590046771181e+00 1.000000000000000000e+00
7.907233198736741686e-01 4.687492096885980786e+00 1.000000000000000000e+00
-1.298610575735330341e+00 8.082989569585773637e+00 2.000000000000000000e+00
2.367262104312039261e-01 -1.516650911868002272e+00 0.000000000000000000e+00
-5.657984557474895482e-01 9.396511164249659043e-01 0.000000000000000000e+00
-6.348653419133474252e-01 4.038636082743818356e+00 1.000000000000000000e+00
2.259073497999192770e-01 7.859681060784175166e+00 2.000000000000000000e+00
2.289955078441056335e-01 3.655032075353496612e+00 1.000000000000000000e+00
-2.855570189670912917e-01 2.830439294581204912e+00 1.000000000000000000e+00
1.176288420154737724e-01 4.458393817643131918e+00 1.000000000000000000e+00
-1.403131987997695458e-02 3.527390695601954729e+00 1.000000000000000000e+00
-1.942371400503992707e-01 1.419698981689931916e-01 0.000000000000000000e+00
1.565157567093351743e+00 6.860352298674457394e+00 2.000000000000000000e+00
1.181378194981454605e-01 4.365033278363686264e+00 1.000000000000000000e+00
1.376038219987265165e+00 4.232871416207352189e-01 0.000000000000000000e+00
-8.755567464857231252e-01 3.065590535505805736e+00 1.000000000000000000e+00
-2.404839449585715272e+00 4.377883742283631641e+00 1.000000000000000000e+00
3.900542280399105777e-01 8.869720804399507941e+00 2.000000000000000000e+00
4.273331694709739392e-01 2.457941845090778621e+00 1.000000000000000000e+00
-4.217290732643173556e-01 1.466158556256775825e+00 0.000000000000000000e+00
1.694941678637879257e+00 7.511957843529950551e+00 2.000000000000000000e+00
-2.401840409053290493e-01 8.501365079989639639e+00 2.000000000000000000e+00
3.275174488379183069e-02 -1.697356818852038818e-01 0.000000000000000000e+00
1.274019415106787678e-01 -8.730059783709016585e-01 0.000000000000000000e+00
-1.293211556628268144e-01 -6.583938134410287635e-01 0.000000000000000000e+00
1.122861827055160189e-01 8.885168155847354754e+00 2.000000000000000000e+00
-2.418129030101306143e-01 -2.880407660013117321e-01 0.000000000000000000e+00
1.725710515232875553e-01 5.715083852340185899e-01 0.000000000000000000e+00
4.775431061392716448e-01 5.806302619731277481e+00 1.000000000000000000e+00
2.620769202280503682e-02 1.090438186206613036e+00 0.000000000000000000e+00
-1.020015584658856334e+00 4.058527436025072710e+00 1.000000000000000000e+00
7.001184934029058837e-01 5.437044794439614748e+00 1.000000000000000000e+00
1.305705622500344908e-02 -8.415140465601662623e-01 0.000000000000000000e+00
-2.886241866245928267e-01 1.093581178957139910e+00 0.000000000000000000e+00
-9.643931094593674036e-01 6.432942942812303500e+00 2.000000000000000000e+00
-8.575754263495860563e-02 4.738324438758350077e+00 1.000000000000000000e+00
3.133308345944578188e-01 3.215641424842885066e+00 1.000000000000000000e+00
-1.606850046808026455e+00 -6.226266480170309370e-01 0.000000000000000000e+00
-8.827639459065160787e-01 8.506510040365853342e+00 2.000000000000000000e+00
4.422900010121817438e-01 5.192865926204772720e+00 1.000000000000000000e+00
1.535114766185166069e-01 7.844803612419452676e+00 2.000000000000000000e+00
-3.142034232585922959e-01 -3.593886863455543756e-01 0.000000000000000000e+00
1.244851632832402855e+00 5.565331204330017378e-01 0.000000000000000000e+00
-8.261408493202853087e-01 4.249368879935865095e+00 1.000000000000000000e+00
1.230405379475708605e+00 3.314243777321152162e+00 1.000000000000000000e+00
2.925949012766339563e-01 7.343246169166353532e+00 2.000000000000000000e+00
1.103365315274928565e-01 2.882420337998716775e+00 1.000000000000000000e+00
-1.685153779797035900e-01 4.902417791380778489e+00 1.000000000000000000e+00
-1.844648191885005922e-02 6.844612268872369398e+00 2.000000000000000000e+00
-1.081290016640950036e+00 7.586921200470306381e+00 2.000000000000000000e+00
-2.255281208736993614e-01 3.314175975899080306e+00 1.000000000000000000e+00
-5.303707158086964357e-01 8.688923151422947910e+00 2.000000000000000000e+00
5.575174076353967001e-01 -1.132179513168032559e+00 0.000000000000000000e+00
-6.459872705820315364e-01 5.060336442659791878e-01 0.000000000000000000e+00
1.088571945443201461e+00 -4.635276357611841647e-01 0.000000000000000000e+00
-1.049109613999857249e+00 6.132586410421232703e-02 0.000000000000000000e+00
3.846973653135066229e-01 -2.235696263270367523e-01 0.000000000000000000e+00
-4.551362011440843736e-01 7.738778894866995550e+00 2.000000000000000000e+00
7.568988709237250978e-02 4.119741218485075684e+00 1.000000000000000000e+00
-2.652594365903318541e-02 1.582953790200532396e+00 0.000000000000000000e+00
6.643693492244303611e-01 1.423962370373217379e-01 0.000000000000000000e+00
-6.151563409779431391e-01 8.039641832999832260e+00 2.000000000000000000e+00
6.346204856887750489e-01 -6.446369556239897047e-01 0.000000000000000000e+00
9.614017389398461511e-01 8.162232368347696720e+00 2.000000000000000000e+00
9.097686323917937301e-01 4.272520475199180545e+00 1.000000000000000000e+00
3.948758020409974812e-01 3.623091416834317346e+00 1.000000000000000000e+00
8.337233118204703253e-01 8.170964705459487831e+00 2.000000000000000000e+00
7.074767317120755905e-01 8.113755016025606892e+00 2.000000000000000000e+00
2.786729611702368214e-01 3.852772924480459604e+00 1.000000000000000000e+00
1.360090113567144821e+00 8.357051914698494954e+00 2.000000000000000000e+00
-1.643032570297014550e+00 4.284918791949699823e+00 1.000000000000000000e+00
7.837458072554230881e-01 4.563860238636372468e-01 0.000000000000000000e+00
-1.424109044489471065e+00 -8.378330193293344053e-01 0.000000000000000000e+00
-8.769162289571895696e-01 7.789927720990878157e+00 2.000000000000000000e+00
5.229626436778063159e-01 2.967332049167524133e+00 1.000000000000000000e+00
-6.583889655412530351e-01 4.084731013807705757e+00 1.000000000000000000e+00
5.554173383222060778e-01 -7.152754513559509419e-01 0.000000000000000000e+00
-1.255646855714199095e+00 6.187723683292394306e-01 0.000000000000000000e+00
6.761930404445966047e-01 3.768707541764011459e-01 0.000000000000000000e+00
7.702444432723308809e-01 6.544885859505185088e+00 2.000000000000000000e+00
1.178419182696168743e+00 5.315699262097353106e+00 1.000000000000000000e+00
-9.101534856752961922e-01 7.101120343767990839e+00 2.000000000000000000e+00
9.544877797933707386e-01 8.445939858026804359e+00 2.000000000000000000e+00
3.933461215457781032e-03 8.457258345424728319e+00 2.000000000000000000e+00
-6.525061673931390471e-01 2.768928521601553006e-01 0.000000000000000000e+00
1.005361474159673502e-01 9.015411466497793569e-01 0.000000000000000000e+00
-1.203660116164256833e+00 8.785851950205984195e+00 2.000000000000000000e+00
-1.817580329482285872e+00 4.257566370960876867e+00 1.000000000000000000e+00
-3.506835549983587930e-01 9.368179455341540063e+00 2.000000000000000000e+00
1.231908810539594556e+00 7.233868472812034156e+00 2.000000000000000000e+00
-9.743768906336828239e-01 8.608894290421424955e+00 2.000000000000000000e+00
1.067710822011740390e+00 6.779993805026451881e-01 0.000000000000000000e+00
1.220738064861679906e+00 2.535087724308568435e-01 0.000000000000000000e+00
-1.596214523196266000e-01 4.114700806113108733e+00 1.000000000000000000e+00
1.743904601273541299e+00 8.267756650641485905e+00 2.000000000000000000e+00
8.487220405885702590e-01 1.139862612316649093e+00 0.000000000000000000e+00
3.221446050164733510e-01 -4.552487986500345363e-01 0.000000000000000000e+00
2.754238604128985690e-01 9.246743942821777917e-01 0.000000000000000000e+00
-3.707103242307243640e-01 8.895332339305204172e+00 2.000000000000000000e+00
3.810581608202172343e-02 -4.777467349270150265e-01 0.000000000000000000e+00
-2.857151473604050557e-02 3.344488663695157182e+00 1.000000000000000000e+00
1.511836425562119279e+00 2.904041072607448370e+00 1.000000000000000000e+00
7.591678228712170906e-01 4.347252850535848978e+00 1.000000000000000000e+00
-6.046454499943412220e-01 3.712926285856022801e+00 1.000000000000000000e+00
-2.899390450715908993e-02 4.088490184923872839e+00 1.000000000000000000e+00
1.095669285347308453e+00 4.443546010680148317e-01 0.000000000000000000e+00
-4.589210741084205347e-01 5.854470507481696728e+00 2.000000000000000000e+00
7.333638470298938783e-01 4.747974441978922044e+00 1.000000000000000000e+00
1.577456715893104322e+00 7.892467905867344591e+00 2.000000000000000000e+00
4.962608073494868544e-01 7.397641351590482639e-01 0.000000000000000000e+00
1.097667545035756920e+00 7.991675941105864212e+00 2.000000000000000000e+00
3.036618052211561558e-01 4.565653954406545090e+00 1.000000000000000000e+00
2.505464322469678762e-01 3.984855088148110625e+00 1.000000000000000000e+00
1.082157696372231914e+00 -4.047611716518693115e-01 0.000000000000000000e+00
1.200278020858728534e-01 6.571266908371686810e-01 0.000000000000000000e+00
1.088773877376838506e+00 8.754009422275270680e+00 2.000000000000000000e+00
-1.155490418501637029e+00 9.278427303899292156e+00 2.000000000000000000e+00
1.370678921023612551e-01 4.140132126894768838e+00 1.000000000000000000e+00
-4.228415509367270397e-01 6.726480549194263636e-02 0.000000000000000000e+00
4.182914873467773464e-01 4.003150663055608405e+00 1.000000000000000000e+00
1.018670326272355542e+00 3.654289339862806241e+00 1.000000000000000000e+00
-7.468962294573651128e-01 3.666510840934890325e+00 1.000000000000000000e+00
7.674135195708189361e-01 8.334767663968554174e+00 2.000000000000000000e+00
1.640779256452232493e-01 3.426424307710194128e+00 1.000000000000000000e+00
8.497574307736996957e-01 3.459120094699518422e+00 1.000000000000000000e+00
-2.325875801385449970e-01 -1.826128323080354221e+00 0.000000000000000000e+00
3.734887383449996823e-01 9.281691307788738854e+00 2.000000000000000000e+00
7.397513908659314463e-01 1.601504260015813308e-01 0.000000000000000000e+00
-7.269238912039094336e-01 3.897471273541180281e+00 1.000000000000000000e+00
-1.096052703541579687e+00 -3.872609314845166795e-01 0.000000000000000000e+00
3.026187313431000225e-01 4.451838924278002096e-01 0.000000000000000000e+00
4.169248392478572263e-01 8.424763491231072265e+00 2.000000000000000000e+00
6.646230574672268299e-02 8.756871307281848260e+00 2.000000000000000000e+00
-5.199652251786215928e-02 -8.129405038015485863e-02 0.000000000000000000e+00
-3.822538234649732747e-01 8.244989828399781118e+00 2.000000000000000000e+00
4.871574396152519859e-01 8.888835668291765302e+00 2.000000000000000000e+00
-1.000487861403565271e+00 4.222858982876164013e+00 1.000000000000000000e+00
8.702539274953271509e-01 2.771195372817927827e-01 0.000000000000000000e+00
2.272856635954841886e-01 4.045917063910966505e+00 1.000000000000000000e+00
-1.648980253943001184e+00 8.175746224275755480e+00 2.000000000000000000e+00
-2.587404076162346245e-01 -1.731298073516021052e-01 0.000000000000000000e+00
1.041621513273053967e+00 4.152912825331349644e+00 1.000000000000000000e+00
-2.302941331285512039e+00 9.654588300107583621e+00 2.000000000000000000e+00
-2.477190412598637703e-01 2.940804609038654149e+00 1.000000000000000000e+00
5.655954012674595521e-01 3.412388202857338904e+00 1.000000000000000000e+00
3.575222904862037088e-01 7.810286281317142532e+00 2.000000000000000000e+00
-1.670334473887510995e+00 -1.274500203541721888e+00 0.000000000000000000e+00
1.132999275479041668e+00 7.564878948002224490e+00 2.000000000000000000e+00
1.086559575889896045e+00 4.474430084726193080e+00 1.000000000000000000e+00
2.439806974033971176e-01 4.827915104680891467e+00 1.000000000000000000e+00
5.102407896964231693e-01 2.935576109062331351e+00 1.000000000000000000e+00
-8.988663792087183690e-01 8.444789033208213169e+00 2.000000000000000000e+00
-1.121662769205038934e+00 5.019168571691599467e+00 1.000000000000000000e+00
-9.992264303493674227e-01 5.385022988191019877e+00 1.000000000000000000e+00
5.916780726888816178e-01 4.110561406202288381e+00 1.000000000000000000e+00
-1.038138681758461468e+00 7.477121555700233735e+00 2.000000000000000000e+00
4.909351144400253553e-01 -3.839133570574815302e-02 0.000000000000000000e+00
1.357790582684031411e-01 8.303815882117967506e-01 0.000000000000000000e+00
-5.756931676045525803e-01 7.522881283458676904e+00 2.000000000000000000e+00
-1.879830489507045899e+00 -1.585622941437619504e+00 0.000000000000000000e+00
3.615491492394646289e-01 7.652595069820703699e+00 2.000000000000000000e+00
-1.125073205491115697e-01 6.870343665699007119e+00 2.000000000000000000e+00
7.966704302641335056e-02 -1.144260237172018302e+00 0.000000000000000000e+00
-9.176592894202867390e-01 8.603194929885814801e+00 2.000000000000000000e+00
-2.864818196422449018e-02 5.496863714282512525e+00 1.000000000000000000e+00
-1.019829945754419931e-01 -5.979523391198472426e-01 0.000000000000000000e+00
4.036058348491063374e-01 7.078613387780093191e+00 2.000000000000000000e+00
4.570099636750431515e-01 3.233551776616223172e+00 1.000000000000000000e+00
5.100523799085784349e-01 -2.398511991740034099e-01 0.000000000000000000e+00
-1.189972828729284782e+00 3.313755123343971043e+00 1.000000000000000000e+00
-3.444357037556856072e-01 8.108720397926957091e+00 2.000000000000000000e+00
2.511903127548625880e-01 4.208583255306294291e+00 1.000000000000000000e+00
3.970989932645319076e-01 1.032759074980395542e-01 0.000000000000000000e+00
-4.675222325694309428e-02 5.141079155774610498e+00 1.000000000000000000e+00
6.399609164667167116e-01 -3.097719822832741277e-01 0.000000000000000000e+00
1.308608823162360046e+00 -5.709051756713270365e-01 0.000000000000000000e+00
-7.004359917198760277e-01 -3.997652445626994622e-01 0.000000000000000000e+00
6.303341715396915124e-01 9.391985559103041226e+00 2.000000000000000000e+00
-2.061025489264221910e+00 8.317096466286592715e+00 2.000000000000000000e+00
1.756340891393822323e+00 3.567850847042496554e+00 1.000000000000000000e+00
5.713710329870024252e-01 3.744689177155396287e+00 1.000000000000000000e+00
3.286247604684281454e-01 8.417462412428191598e-01 0.000000000000000000e+00
1.896244280104798507e+00 -1.864760832865950402e-01 0.000000000000000000e+00
1.208889600311858215e-01 8.207784255184140676e+00 2.000000000000000000e+00
1.304985652458804157e+00 5.116418285236996155e+00 1.000000000000000000e+00
1.782375974658903628e+00 9.649168411465113948e+00 2.000000000000000000e+00
-5.742228288193280683e-01 9.598133554015056745e+00 2.000000000000000000e+00
-9.417409393805296070e-01 5.973459474688454840e+00 1.000000000000000000e+00
1.210022358316615199e+00 3.999704680602794493e+00 1.000000000000000000e+00
1.681991140152312436e+00 7.673058034229819135e+00 2.000000000000000000e+00
-9.825906202133336542e-01 5.151536036435685695e+00 1.000000000000000000e+00
-6.579611391886411864e-01 -6.508404171546942063e-01 0.000000000000000000e+00
1.399210432412132388e-01 3.075387354061922540e-01 0.000000000000000000e+00
1.113112834566736264e+00 6.948031061647115258e+00 2.000000000000000000e+00
-7.950166825433562234e-01 8.307940303261617032e+00 2.000000000000000000e+00
4.646560780266538182e-01 3.464985270889677782e+00 1.000000000000000000e+00
-1.369663924980980552e-01 8.964364258820493703e+00 2.000000000000000000e+00
-1.083085354072192086e+00 -3.783493972098384006e-01 0.000000000000000000e+00
6.648784785543369047e-01 7.818869462147313598e+00 2.000000000000000000e+00
-1.906349007055262446e-01 1.049882956860739291e+00 0.000000000000000000e+00
-1.086570891237901570e-01 9.792174556910726579e+00 2.000000000000000000e+00
1.215684214216310677e+00 -6.046386130366681044e-01 0.000000000000000000e+00
1.137812682650683575e-02 2.834830722739811293e+00 1.000000000000000000e+00
-1.785736513335474118e-01 2.767950065123682357e+00 1.000000000000000000e+00
1.147015316847312061e+00 4.249351823116866989e+00 1.000000000000000000e+00
2.504615512317407977e-01 7.339350692357417216e+00 2.000000000000000000e+00
-3.991755156736331300e-01 8.386000475382717756e-01 0.000000000000000000e+00
9.351231051796490834e-02 7.732087632166201985e+00 2.000000000000000000e+00
8.190302829459031875e-01 4.451446540713469346e+00 1.000000000000000000e+00
1.270356834966060777e+00 1.476523344377185798e-01 0.000000000000000000e+00
3.159971675496948129e-01 8.776593607253369456e+00 2.000000000000000000e+00
-6.828392647502274926e-01 8.795221292889616294e+00 2.000000000000000000e+00
5.499366831985855741e-01 6.733004427746689835e+00 2.000000000000000000e+00
-6.962269775486875645e-01 7.031936827276021873e+00 2.000000000000000000e+00
3.962470534086910690e-02 4.512129531223722623e+00 1.000000000000000000e+00
1.742677704570327057e-01 9.689315240643434635e+00 2.000000000000000000e+00
-3.691654500019502794e-01 8.155580902711607294e+00 2.000000000000000000e+00
1.161113740592757626e+00 7.929038851698162027e+00 2.000000000000000000e+00
-3.070088305978010412e-01 8.755385580531918066e+00 2.000000000000000000e+00
-8.233582198093044591e-01 4.279786549267405427e+00 1.000000000000000000e+00
8.357872325848438866e-01 -4.398929541161943346e-01 0.000000000000000000e+00
-2.567732782861073537e-01 3.975657258636743130e+00 1.000000000000000000e+00
2.251277399668706325e-01 -2.641873848701389860e-01 0.000000000000000000e+00
-6.521662264857658320e-01 3.912801373942635053e+00 1.000000000000000000e+00
-5.525482190791214387e-01 3.679196372925172209e+00 1.000000000000000000e+00
5.296880516456647925e-01 5.912740613499346765e+00 1.000000000000000000e+00
-8.393365489197959217e-01 1.467059177777731538e+00 0.000000000000000000e+00
4.599644291362898207e-01 7.634809287022124025e+00 2.000000000000000000e+00
1.828070752074532734e+00 8.681843159581458025e+00 2.000000000000000000e+00
1.865993710408278827e-01 -2.224808642781470613e-01 0.000000000000000000e+00
-1.547917380167615764e-01 7.877123485955808135e+00 2.000000000000000000e+00
8.730356969168692194e-01 3.446450182708241883e+00 1.000000000000000000e+00
1.967134239235998505e+00 7.938539632317120898e+00 2.000000000000000000e+00
-1.386556440036332161e+00 6.505303185356710927e+00 2.000000000000000000e+00
-1.261491298085369861e-01 -1.306352582309930344e-01 0.000000000000000000e+00
-5.187455637939817343e-01 -2.975651451419830118e-01 0.000000000000000000e+00
-1.773277138597400271e-01 5.458601249997365734e-01 0.000000000000000000e+00
3.129765037311468823e-01 5.885779882616921643e-01 0.000000000000000000e+00
7.791184513945605961e-01 1.640234735230693186e+00 0.000000000000000000e+00
4.718804229241660431e-01 2.842188292395715798e+00 1.000000000000000000e+00
-7.077130147384338432e-01 4.251729841781367369e+00 1.000000000000000000e+00
3.505136593963504854e-01 4.077263393899817956e+00 1.000000000000000000e+00
3.304312495702782515e-01 3.928275496244845844e+00 1.000000000000000000e+00
2.948319336404876534e-01 -1.367939889468895442e+00 0.000000000000000000e+00
-1.533610465383524191e-01 8.453273007258646388e+00 2.000000000000000000e+00
-1.356902265586128475e-01 -4.529404708449429329e-01 0.000000000000000000e+00
-5.260083196928826421e-01 -4.029172679065037843e-01 0.000000000000000000e+00
8.155769196370942220e-01 7.799668202283799090e+00 2.000000000000000000e+00
-8.867385948822252839e-01 -4.993158886493449522e-01 0.000000000000000000e+00
1.155776449171754677e-01 4.450296342106179637e+00 1.000000000000000000e+00
2.073744786166377418e-01 -5.499537029214847106e-01 0.000000000000000000e+00
-8.568886485166051781e-01 -2.620070418096581144e-01 0.000000000000000000e+00
-8.117534468600421382e-01 3.785848195248416648e+00 1.000000000000000000e+00
-5.212398200149921390e-01 4.203987622661203183e+00 1.000000000000000000e+00
-4.690065010994909356e-01 -4.453823004408822284e-01 0.000000000000000000e+00
-3.077416586599214798e-01 6.900848132848946825e+00 2.000000000000000000e+00
-3.901223361993810257e-01 6.839172108839544073e+00 2.000000000000000000e+00
-4.851875161911810008e-01 6.761151687365332119e-01 0.000000000000000000e+00
-8.228657701915216283e-01 6.289760604212830675e-01 0.000000000000000000e+00
8.513607320041102211e-01 5.357958479462110901e+00 1.000000000000000000e+00
-2.834226811016316711e-02 4.816668198146953017e+00 1.000000000000000000e+00
2.503130797930266382e-01 3.663999513819718334e+00 1.000000000000000000e+00
-2.113022017992096102e-01 1.542266642398720133e+00 0.000000000000000000e+00
2.273142834279022750e+00 6.184384687750930087e-01 0.000000000000000000e+00
4.400573531957753248e-01 2.814898114023633990e+00 1.000000000000000000e+00
1.774041891264138249e+00 8.777039594574754133e+00 2.000000000000000000e+00
9.076718188208505733e-01 3.823414329452744731e+00 1.000000000000000000e+00
-7.664144584809819971e-01 5.958961797008117678e-01 0.000000000000000000e+00
-1.268048815225138792e+00 8.415722630831504958e+00 2.000000000000000000e+00
-7.969130467918050797e-01 8.262921347793882987e+00 2.000000000000000000e+00
5.194307606545167655e-01 -3.590042673117461725e-01 0.000000000000000000e+00
-4.181210413395324843e-01 7.043765581473657722e-01 0.000000000000000000e+00
4.619620833981650798e-01 4.925453216451416871e+00 1.000000000000000000e+00
3.106120736345386879e-01 4.571349014624678020e+00 1.000000000000000000e+00
4.627573981910110268e-01 7.239631280026119775e+00 2.000000000000000000e+00
-5.091116835923953365e-01 2.858919155538889534e+00 1.000000000000000000e+00
5.637689100278970855e-01 8.502078541355349017e+00 2.000000000000000000e+00
1.033905136579660988e+00 4.018393659211104918e+00 1.000000000000000000e+00
1.233765383363213619e+00 3.812773372710526409e+00 1.000000000000000000e+00
-8.552410907384873084e-01 8.449812762562496360e+00 2.000000000000000000e+00
3.714084929834703397e-01 -1.310273698068757098e-01 0.000000000000000000e+00
7.516653374063039239e-01 4.075400582249231185e+00 1.000000000000000000e+00
-5.448656323771269294e-01 7.326103348665342629e+00 2.000000000000000000e+00
-1.377656769611762533e+00 5.044164113247179060e+00 1.000000000000000000e+00
8.350079134609859066e-01 2.652455468045711751e+00 1.000000000000000000e+00
3.692524169524866173e-01 -5.105086057566643465e-01 0.000000000000000000e+00
-2.828889753722068634e-01 4.397988248417922463e+00 1.000000000000000000e+00
1.416598204771466696e+00 7.336471481003348671e+00 2.000000000000000000e+00
3.425611803569874048e-01 4.716958587364928235e+00 1.000000000000000000e+00
-6.168503916781887808e-01 5.412834690845194086e-01 0.000000000000000000e+00
2.392793220428239276e-01 -1.870277816080575528e-01 0.000000000000000000e+00
1.184810969998429053e+00 3.544488759131329214e+00 1.000000000000000000e+00
-1.793372172370038209e+00 3.945170675179086039e+00 1.000000000000000000e+00
8.503270817515780067e-01 -8.249184504855231470e-01 0.000000000000000000e+00
2.792491160388519966e-01 3.832756037676136263e+00 1.000000000000000000e+00
7.391352219660366485e-01 7.086907432347800295e+00 2.000000000000000000e+00
-3.432623239321508368e-01 8.521117108317470823e+00 2.000000000000000000e+00
-1.458785218959029351e+00 -6.865682761737795792e-01 0.000000000000000000e+00
1.514592375070441088e+00 8.154513172665216914e+00 2.000000000000000000e+00
-2.482678408645045964e-01 8.207330446471178931e+00 2.000000000000000000e+00
8.991884099261302499e-01 1.388673131129578853e-01 0.000000000000000000e+00
5.689837058525912261e-02 4.795207526271202170e+00 1.000000000000000000e+00
2.237358645963503534e+00 7.094027378140294715e+00 2.000000000000000000e+00
3.865603513374307743e-01 -8.361532892744526491e-01 0.000000000000000000e+00
1.362987338866346043e-01 8.805444445917045115e+00 2.000000000000000000e+00
-1.347092209885184522e-01 3.762938320088741184e-01 0.000000000000000000e+00
-7.615222421689653576e-01 4.958951551501840527e+00 1.000000000000000000e+00
2.735095526630840213e-01 7.140539517332436859e+00 2.000000000000000000e+00
-3.593678240895599174e-01 2.626253691212092067e-01 0.000000000000000000e+00
1.531821668510801870e-01 8.525545888005758854e+00 2.000000000000000000e+00
1.287354478056642292e-02 -3.218567086763203244e-01 0.000000000000000000e+00
-3.698665630461303588e-01 8.571468352098474242e+00 2.000000000000000000e+00
-2.467886620058106772e-01 1.010329098502873224e+00 0.000000000000000000e+00
-1.069916565390399033e+00 1.325969961233269823e+00 0.000000000000000000e+00
9.389925346568890330e-01 8.243737723343377510e+00 2.000000000000000000e+00
-5.983915878451905312e-01 9.637139280330226043e+00 2.000000000000000000e+00
6.270035395757016516e-01 1.157519333103362857e+00 0.000000000000000000e+00
-1.023335579220247815e-01 -8.929064083110740957e-02 0.000000000000000000e+00
2.198349197372977959e-01 5.291935998237274674e+00 1.000000000000000000e+00
-1.073968087554282302e-01 7.747378342123133477e-01 0.000000000000000000e+00
3.931395935343694192e-02 4.172838526348155774e+00 1.000000000000000000e+00
1.357901185594092119e+00 -9.792951919183030540e-01 0.000000000000000000e+00
-1.080657018218879939e+00 9.241898031213270359e-01 0.000000000000000000e+00
1.062304032493538719e-01 -1.887227895724311821e+00 0.000000000000000000e+00
-5.996606180188199797e-01 -2.186959466256245266e-01 0.000000000000000000e+00
3.310233326764365769e-01 -7.511642496262482815e-02 0.000000000000000000e+00
-9.613048516747801919e-01 7.649029304535907237e+00 2.000000000000000000e+00
-1.418612128502776213e-03 -1.047465318446573868e+00 0.000000000000000000e+00
-8.848333741425405963e-01 8.239284125593291819e+00 2.000000000000000000e+00
9.544940600730407176e-01 7.857407518186234618e+00 2.000000000000000000e+00
-9.225436017502213204e-01 4.129031219821615029e-01 0.000000000000000000e+00
-3.447432596700724661e-01 7.260074341206702364e+00 2.000000000000000000e+00
-8.047232090337337329e-01 3.713689584002374255e-01 0.000000000000000000e+00
2.141904939406940878e-01 6.638558732030460652e-01 0.000000000000000000e+00
9.553169476190824794e-01 1.475326311941051127e+00 0.000000000000000000e+00
